0.001	0	0	0	0.002	0	0.001	0	0	0	1	0	0	0
0.002	2e-06	0	1e-06	0.004	0	0.002	0	0	0	1	0	0	0
0.003	6e-06	0	3e-06	0.006	0	0.003	0	0	0	1	0	0	0
0.004	1.2e-05	0	6e-06	0.008	0	0.004	0	0	0	1	0	0	0
0.005	2e-05	0	1e-05	0.01	0	0.005	0	0	0	1	0	0	0
0.006	3e-05	0	1.5e-05	0.012	0	0.006	0	0	0	1	0	0	0
0.007	4.2e-05	0	2.1e-05	0.014	0	0.007	0	0	0	1	0	0	0
0.008	5.6e-05	0	2.8e-05	0.016	0	0.008	0	0	0	1	0	0	0
0.009	7.2e-05	0	3.6e-05	0.018	0	0.009	0	0	0	1	0	0	0
0.01	9e-05	0	4.5e-05	0.02	0	0.01	0	0	0	1	0	0	0
0.011	0.00011	0	5.5e-05	0.022	0	0.011	0	0	0	1	0	0	0
0.012	0.000132	0	6.6e-05	0.024	0	0.012	0	0	0	1	0	0	0
0.013	0.000156	0	7.8e-05	0.026	0	0.013	0	0	0	1	0	0	0
0.014	0.000182	0	9.1e-05	0.028	0	0.014	0	0	0	1	0	0	0
0.015	0.00021	0	0.000105	0.03	0	0.015	0	0	0	1	0	0	0
0.016	0.00024	0	0.00012	0.032	0	0.016	0	0	0	1	0	0	0
0.017	0.000272	0	0.000136	0.034	0	0.017	0	0	0	1	0	0	0
0.018	0.000306	0	0.000153	0.036	0	0.018	0	0	0	1	0	0	0
0.019	0.000342	0	0.000171	0.038	0	0.019	0	0	0	1	0	0	0
0.02	0.00038	0	0.00019	0.04	0	0.02	0	0	0	1	0	0	0
0.021	0.00042	0	0.00021	0.042	0	0.021	0	0	0	1	0	0	0
0.022	0.000462	0	0.000231	0.044	0	0.022	0	0	0	1	0	0	0
0.023	0.000506	0	0.000253	0.046	0	0.023	0	0	0	1	0	0	0
0.024	0.000552	0	0.000276	0.048	0	0.024	0	0	0	1	0	0	0
0.025	0.0006	0	0.0003	0.05	0	0.025	0	0	0	1	0	0	0
0.026	0.00065	0	0.000325	0.052	0	0.026	0	0	0	1	0	0	0
0.027	0.000702	0	0.000351	0.054	0	0.027	0	0	0	1	0	0	0
0.028	0.000756	0	0.000378	0.056	0	0.028	0	0	0	1	0	0	0
0.029	0.000812	0	0.000406	0.058	0	0.029	0	0	0	1	0	0	0
0.03	0.00087	0	0.000435	0.06	0	0.03	0	0	0	1	0	0	0
0.031	0.00093	0	0.000465	0.062	0	0.031	0	0	0	1	0	0	0
0.032	0.000992	0	0.000496	0.064	0	0.032	0	0	0	1	0	0	0
0.033	0.001056	0	0.000528	0.066	0	0.033	0	0	0	1	0	0	0
0.034	0.001122	0	0.000561	0.068	0	0.034	0	0	0	1	0	0	0
0.035	0.00119	0	0.000595	0.07	0	0.035	0	0	0	1	0	0	0
0.036	0.00126	0	0.00063	0.072	0	0.036	0	0	0	1	0	0	0
0.037	0.001332	0	0.000666	0.074	0	0.037	0	0	0	1	0	0	0
0.038	0.001406	0	0.000703	0.076	0	0.038	0	0	0	1	0	0	0
0.039	0.001482	0	0.000741	0.078	0	0.039	0	0	0	1	0	0	0
0.04	0.00156	0	0.00078	0.08	0	0.04	0	0	0	1	0	0	0
0.041	0.00164	0	0.00082	0.082	0	0.041	0	0	0	1	0	0	0
0.042	0.001722	0	0.000861	0.084	0	0.042	0	0	0	1	0	0	0
0.043	0.001806	0	0.000903	0.086	0	0.043	0	0	0	1	0	0	0
0.044	0.001892	0	0.000946	0.088	0	0.044	0	0	0	1	0	0	0
0.045	0.00198	0	0.00099	0.09	0	0.045	0	0	0	1	0	0	0
0.046	0.00207	0	0.001035	0.092	0	0.046	0	0	0	1	0	0	0
0.047	0.002162	0	0.001081	0.094	0	0.047	0	0	0	1	0	0	0
0.048	0.002256	0	0.001128	0.096	0	0.048	0	0	0	1	0	0	0
0.049	0.002352	0	0.001176	0.098	0	0.049	0	0	0	1	0	0	0
0.05	0.00245	0	0.001225	0.1	0	0.05	0	0	0	1	0	0	0
0.051	0.00255	0	0.001275	0.102	0	0.051	0	0	0	1	0	0	0
0.052	0.002652	0	0.001326	0.104	0	0.052	0	0	0	1	0	0	0
0.053	0.002756	0	0.001378	0.106	0	0.053	0	0	0	1	0	0	0
0.054	0.002862	0	0.001431	0.108	0	0.054	0	0	0	1	0	0	0
0.055	0.00297	0	0.001485	0.11	0	0.055	0	0	0	1	0	0	0
0.056	0.00308	0	0.00154	0.112	0	0.056	0	0	0	1	0	0	0
0.057	0.003192	0	0.001596	0.114	0	0.057	0	0	0	1	0	0	0
0.058	0.003306	0	0.001653	0.116	0	0.058	0	0	0	1	0	0	0
0.059	0.003422	0	0.001711	0.118	0	0.059	0	0	0	1	0	0	0
0.06	0.00354	0	0.00177	0.12	0	0.06	0	0	0	1	0	0	0
0.061	0.00366	0	0.00183	0.122	0	0.061	0	0	0	1	0	0	0
0.062	0.003782	0	0.001891	0.124	0	0.062	0	0	0	1	0	0	0
0.063	0.003906	0	0.001953	0.126	0	0.063	0	0	0	1	0	0	0
0.064	0.004032	0	0.002016	0.128	0	0.064	0	0	0	1	0	0	0
0.065	0.00416	0	0.00208	0.13	0	0.065	0	0	0	1	0	0	0
0.066	0.00429	0	0.002145	0.132	0	0.066	0	0	0	1	0	0	0
0.067	0.004422	0	0.002211	0.134	0	0.067	0	0	0	1	0	0	0
0.068	0.004556	0	0.002278	0.136	0	0.068	0	0	0	1	0	0	0
0.069	0.004692	0	0.002346	0.138	0	0.069	0	0	0	1	0	0	0
0.07	0.00483	0	0.002415	0.14	0	0.07	0	0	0	1	0	0	0
0.071	0.00497	0	0.002485	0.142	0	0.071	0	0	0	1	0	0	0
0.072	0.005112	0	0.002556	0.144	0	0.072	0	0	0	1	0	0	0
0.073	0.005256	0	0.002628	0.146	0	0.073	0	0	0	1	0	0	0
0.074	0.005402	0	0.002701	0.148	0	0.074	0	0	0	1	0	0	0
0.075	0.00555	0	0.002775	0.15	0	0.075	0	0	0	1	0	0	0
0.076	0.0057	0	0.00285	0.152	0	0.076	0	0	0	1	0	0	0
0.077	0.005852	0	0.002926	0.154	0	0.077	0	0	0	1	0	0	0
0.078	0.006006	0	0.003003	0.156	0	0.078	0	0	0	1	0	0	0
0.079	0.006162	0	0.003081	0.158	0	0.079	0	0	0	1	0	0	0
0.08	0.00632	0	0.00316	0.16	0	0.08	0	0	0	1	0	0	0
0.081	0.00648	0	0.00324	0.162	0	0.081	0	0	0	1	0	0	0
0.082	0.006642	0	0.003321	0.164	0	0.082	0	0	0	1	0	0	0
0.083	0.006806	0	0.003403	0.166	0	0.083	0	0	0	1	0	0	0
0.084	0.006972	0	0.003486	0.168	0	0.084	0	0	0	1	0	0	0
0.085	0.00714	0	0.00357	0.17	0	0.085	0	0	0	1	0	0	0
0.086	0.00731	0	0.003655	0.172	0	0.086	0	0	0	1	0	0	0
0.087	0.007482	0	0.003741	0.174	0	0.087	0	0	0	1	0	0	0
0.088	0.007656	0	0.003828	0.176	0	0.088	0	0	0	1	0	0	0
0.089	0.007832	0	0.003916	0.178	0	0.089	0	0	0	1	0	0	0
0.09	0.00801	0	0.004005	0.18	0	0.09	0	0	0	1	0	0	0
0.091	0.00819	0	0.004095	0.182	0	0.091	0	0	0	1	0	0	0
0.092	0.008372	0	0.004186	0.184	0	0.092	0	0	0	1	0	0	0
0.093	0.008556	0	0.004278	0.186	0	0.093	0	0	0	1	0	0	0
0.094	0.008742	0	0.004371	0.188	0	0.094	0	0	0	1	0	0	0
0.095	0.00893	0	0.004465	0.19	0	0.095	0	0	0	1	0	0	0
0.096	0.00912	0	0.00456	0.192	0	0.096	0	0	0	1	0	0	0
0.097	0.009312	0	0.004656	0.194	0	0.097	0	0	0	1	0	0	0
0.098	0.009506	0	0.004753	0.196	0	0.098	0	0	0	1	0	0	0
0.099	0.009702	0	0.004851	0.198	0	0.099	0	0	0	1	0	0	0
0.1	0.0099	0	0.00495	0.2	0	0.1	0	0	0	1	0	0	0
0.101	0.0101	0	0.00505	0.202	0	0.101	0	0	0	1	0	0	0
0.102	0.010302	0	0.005151	0.204	0	0.102	0	0	0	1	0	0	0
0.103	0.010506	0	0.005253	0.206	0	0.103	0	0	0	1	0	0	0
0.104	0.010712	0	0.005356	0.208	0	0.104	0	0	0	1	0	0	0
0.105	0.01092	0	0.00546	0.21	0	0.105	0	0	0	1	0	0	0
0.106	0.01113	0	0.005565	0.212	0	0.106	0	0	0	1	0	0	0
0.107	0.011342	0	0.005671	0.214	0	0.107	0	0	0	1	0	0	0
0.108	0.011556	0	0.005778	0.216	0	0.108	0	0	0	1	0	0	0
0.109	0.011772	0	0.005886	0.218	0	0.109	0	0	0	1	0	0	0
0.11	0.01199	0	0.005995	0.22	0	0.11	0	0	0	1	0	0	0
0.111	0.01221	0	0.006105	0.222	0	0.111	0	0	0	1	0	0	0
0.112	0.012432	0	0.006216	0.224	0	0.112	0	0	0	1	0	0	0
0.113	0.012656	0	0.006328	0.226	0	0.113	0	0	0	1	0	0	0
0.114	0.012882	0	0.006441	0.228	0	0.114	0	0	0	1	0	0	0
0.115	0.01311	0	0.006555	0.23	0	0.115	0	0	0	1	0	0	0
0.116	0.01334	0	0.00667	0.232	0	0.116	0	0	0	1	0	0	0
0.117	0.013572	0	0.006786	0.234	0	0.117	0	0	0	1	0	0	0
0.118	0.013806	0	0.006903	0.236	0	0.118	0	0	0	1	0	0	0
0.119	0.014042	0	0.007021	0.238	0	0.119	0	0	0	1	0	0	0
0.12	0.01428	0	0.00714	0.24	0	0.12	0	0	0	1	0	0	0
0.121	0.01452	0	0.00726	0.242	0	0.121	0	0	0	1	0	0	0
0.122	0.014762	0	0.007381	0.244	0	0.122	0	0	0	1	0	0	0
0.123	0.015006	0	0.007503	0.246	0	0.123	0	0	0	1	0	0	0
0.124	0.015252	0	0.007626	0.248	0	0.124	0	0	0	1	0	0	0
0.125	0.0155	0	0.00775	0.25	0	0.125	0	0	0	1	0	0	0
0.126	0.01575	0	0.007875	0.252	0	0.126	0	0	0	1	0	0	0
0.127	0.016002	0	0.008001	0.254	0	0.127	0	0	0	1	0	0	0
0.128	0.016256	0	0.008128	0.256	0	0.128	0	0	0	1	0	0	0
0.129	0.016512	0	0.008256	0.258	0	0.129	0	0	0	1	0	0	0
0.13	0.01677	0	0.008385	0.26	0	0.13	0	0	0	1	0	0	0
0.131	0.01703	0	0.008515	0.262	0	0.131	0	0	0	1	0	0	0
0.132	0.017292	0	0.008646	0.264	0	0.132	0	0	0	1	0	0	0
0.133	0.017556	0	0.008778	0.266	0	0.133	0	0	0	1	0	0	0
0.134	0.017822	0	0.008911	0.268	0	0.134	0	0	0	1	0	0	0
0.135	0.01809	0	0.009045	0.27	0	0.135	0	0	0	1	0	0	0
0.136	0.01836	0	0.00918	0.272	0	0.136	0	0	0	1	0	0	0
0.137	0.018632	0	0.009316	0.274	0	0.137	0	0	0	1	0	0	0
0.138	0.018906	0	0.009453	0.276	0	0.138	0	0	0	1	0	0	0
0.139	0.019182	0	0.009591	0.278	0	0.139	0	0	0	1	0	0	0
0.14	0.01946	0	0.00973	0.28	0	0.14	0	0	0	1	0	0	0
0.141	0.01974	0	0.00987	0.282	0	0.141	0	0	0	1	0	0	0
0.142	0.020022	0	0.010011	0.284	0	0.142	0	0	0	1	0	0	0
0.143	0.020306	0	0.010153	0.286	0	0.143	0	0	0	1	0	0	0
0.144	0.020592	0	0.010296	0.288	0	0.144	0	0	0	1	0	0	0
0.145	0.02088	0	0.01044	0.29	0	0.145	0	0	0	1	0	0	0
0.146	0.02117	0	0.010585	0.292	0	0.146	0	0	0	1	0	0	0
0.147	0.021462	0	0.010731	0.294	0	0.147	0	0	0	1	0	0	0
0.148	0.021756	0	0.010878	0.296	0	0.148	0	0	0	1	0	0	0
0.149	0.022052	0	0.011026	0.298	0	0.149	0	0	0	1	0	0	0
0.15	0.02235	0	0.011175	0.3	0	0.15	0	0	0	1	0	0	0
0.151	0.02265	0	0.011325	0.302	0	0.151	0	0	0	1	0	0	0
0.152	0.022952	0	0.011476	0.304	0	0.152	0	0	0	1	0	0	0
0.153	0.023256	0	0.011628	0.306	0	0.153	0	0	0	1	0	0	0
0.154	0.023562	0	0.011781	0.308	0	0.154	0	0	0	1	0	0	0
0.155	0.02387	0	0.011935	0.31	0	0.155	0	0	0	1	0	0	0
0.156	0.02418	0	0.01209	0.312	0	0.156	0	0	0	1	0	0	0
0.157	0.024492	0	0.012246	0.314	0	0.157	0	0	0	1	0	0	0
0.158	0.024806	0	0.012403	0.316	0	0.158	0	0	0	1	0	0	0
0.159	0.025122	0	0.012561	0.318	0	0.159	0	0	0	1	0	0	0
0.16	0.02544	0	0.01272	0.32	0	0.16	0	0	0	1	0	0	0
0.161	0.02576	0	0.01288	0.322	0	0.161	0	0	0	1	0	0	0
0.162	0.026082	0	0.013041	0.324	0	0.162	0	0	0	1	0	0	0
0.163	0.026406	0	0.013203	0.326	0	0.163	0	0	0	1	0	0	0
0.164	0.026732	0	0.013366	0.328	0	0.164	0	0	0	1	0	0	0
0.165	0.02706	0	0.01353	0.33	0	0.165	0	0	0	1	0	0	0
0.166	0.02739	0	0.013695	0.332	0	0.166	0	0	0	1	0	0	0
0.167	0.027722	0	0.013861	0.334	0	0.167	0	0	0	1	0	0	0
0.168	0.028056	0	0.014028	0.336	0	0.168	0	0	0	1	0	0	0
0.169	0.028392	0	0.014196	0.338	0	0.169	0	0	0	1	0	0	0
0.17	0.02873	0	0.014365	0.34	0	0.17	0	0	0	1	0	0	0
0.171	0.02907	0	0.014535	0.342	0	0.171	0	0	0	1	0	0	0
0.172	0.029412	0	0.014706	0.344	0	0.172	0	0	0	1	0	0	0
0.173	0.029756	0	0.014878	0.346	0	0.173	0	0	0	1	0	0	0
0.174	0.030102	0	0.015051	0.348	0	0.174	0	0	0	1	0	0	0
0.175	0.03045	0	0.015225	0.35	0	0.175	0	0	0	1	0	0	0
0.176	0.0308	0	0.0154	0.352	0	0.176	0	0	0	1	0	0	0
0.177	0.031152	0	0.015576	0.354	0	0.177	0	0	0	1	0	0	0
0.178	0.031506	0	0.015753	0.356	0	0.178	0	0	0	1	0	0	0
0.179	0.031862	0	0.015931	0.358	0	0.179	0	0	0	1	0	0	0
0.18	0.03222	0	0.01611	0.36	0	0.18	0	0	0	1	0	0	0
0.181	0.03258	0	0.01629	0.362	0	0.181	0	0	0	1	0	0	0
0.182	0.032942	0	0.016471	0.364	0	0.182	0	0	0	1	0	0	0
0.183	0.033306	0	0.016653	0.366	0	0.183	0	0	0	1	0	0	0
0.184	0.033672	0	0.016836	0.368	0	0.184	0	0	0	1	0	0	0
0.185	0.03404	0	0.01702	0.37	0	0.185	0	0	0	1	0	0	0
0.186	0.03441	0	0.017205	0.372	0	0.186	0	0	0	1	0	0	0
0.187	0.034782	0	0.017391	0.374	0	0.187	0	0	0	1	0	0	0
0.188	0.035156	0	0.017578	0.376	0	0.188	0	0	0	1	0	0	0
0.189	0.035532	0	0.017766	0.378	0	0.189	0	0	0	1	0	0	0
0.19	0.03591	0	0.017955	0.38	0	0.19	0	0	0	1	0	0	0
0.191	0.03629	0	0.018145	0.382	0	0.191	0	0	0	1	0	0	0
0.192	0.036672	0	0.018336	0.384	0	0.192	0	0	0	1	0	0	0
0.193	0.037056	0	0.018528	0.386	0	0.193	0	0	0	1	0	0	0
0.194	0.037442	0	0.018721	0.388	0	0.194	0	0	0	1	0	0	0
0.195	0.03783	0	0.018915	0.39	0	0.195	0	0	0	1	0	0	0
0.196	0.03822	0	0.01911	0.392	0	0.196	0	0	0	1	0	0	0
0.197	0.038612	0	0.019306	0.394	0	0.197	0	0	0	1	0	0	0
0.198	0.039006	0	0.019503	0.396	0	0.198	0	0	0	1	0	0	0
0.199	0.039402	0	0.019701	0.398	0	0.199	0	0	0	1	0	0	0
0.2	0.0398	0	0.0199	0.4	0	0.2	0	0	0	1	0	0	0
0.201	0.0402	0	0.0201	0.402	0	0.201	0	0	0	1	0	0	0
0.202	0.040602	0	0.020301	0.404	0	0.202	0	0	0	1	0	0	0
0.203	0.041006	0	0.020503	0.406	0	0.203	0	0	0	1	0	0	0
0.204	0.041412	0	0.020706	0.408	0	0.204	0	0	0	1	0	0	0
0.205	0.04182	0	0.02091	0.41	0	0.205	0	0	0	1	0	0	0
0.206	0.04223	0	0.021115	0.412	0	0.206	0	0	0	1	0	0	0
0.207	0.042642	0	0.021321	0.414	0	0.207	0	0	0	1	0	0	0
0.208	0.043056	0	0.021528	0.416	0	0.208	0	0	0	1	0	0	0
0.209	0.043472	0	0.021736	0.418	0	0.209	0	0	0	1	0	0	0
0.21	0.04389	0	0.021945	0.42	0	0.21	0	0	0	1	0	0	0
0.211	0.04431	0	0.022155	0.422	0	0.211	0	0	0	1	0	0	0
0.212	0.044732	0	0.022366	0.424	0	0.212	0	0	0	1	0	0	0
0.213	0.045156	0	0.022578	0.426	0	0.213	0	0	0	1	0	0	0
0.214	0.045582	0	0.022791	0.428	0	0.214	0	0	0	1	0	0	0
0.215	0.04601	0	0.023005	0.43	0	0.215	0	0	0	1	0	0	0
0.216	0.04644	0	0.02322	0.432	0	0.216	0	0	0	1	0	0	0
0.217	0.046872	0	0.023436	0.434	0	0.217	0	0	0	1	0	0	0
0.218	0.047306	0	0.023653	0.436	0	0.218	0	0	0	1	0	0	0
0.219	0.047742	0	0.023871	0.438	0	0.219	0	0	0	1	0	0	0
0.22	0.04818	0	0.02409	0.44	0	0.22	0	0	0	1	0	0	0
0.221	0.04862	0	0.02431	0.442	0	0.221	0	0	0	1	0	0	0
0.222	0.049062	0	0.024531	0.444	0	0.222	0	0	0	1	0	0	0
0.223	0.049506	0	0.024753	0.446	0	0.223	0	0	0	1	0	0	0
0.224	0.049952	0	0.024976	0.448	0	0.224	0	0	0	1	0	0	0
0.225	0.0504	0	0.0252	0.45	0	0.225	0	0	0	1	0	0	0
0.226	0.05085	0	0.025425	0.452	0	0.226	0	0	0	1	0	0	0
0.227	0.051302	0	0.025651	0.454	0	0.227	0	0	0	1	0	0	0
0.228	0.051756	0	0.025878	0.456	0	0.228	0	0	0	1	0	0	0
0.229	0.052212	0	0.026106	0.458	0	0.229	0	0	0	1	0	0	0
0.23	0.05267	0	0.026335	0.46	0	0.23	0	0	0	1	0	0	0
0.231	0.05313	0	0.026565	0.462	0	0.231	0	0	0	1	0	0	0
0.232	0.053592	0	0.026796	0.464	0	0.232	0	0	0	1	0	0	0
0.233	0.054056	0	0.027028	0.466	0	0.233	0	0	0	1	0	0	0
0.234	0.054522	0	0.027261	0.468	0	0.234	0	0	0	1	0	0	0
0.235	0.05499	0	0.027495	0.47	0	0.235	0	0	0	1	0	0	0
0.236	0.05546	0	0.02773	0.472	0	0.236	0	0	0	1	0	0	0
0.237	0.055932	0	0.027966	0.474	0	0.237	0	0	0	1	0	0	0
0.238	0.056406	0	0.028203	0.476	0	0.238	0	0	0	1	0	0	0
0.239	0.056882	0	0.028441	0.478	0	0.239	0	0	0	1	0	0	0
0.24	0.05736	0	0.02868	0.48	0	0.24	0	0	0	1	0	0	0
0.241	0.05784	0	0.02892	0.482	0	0.241	0	0	0	1	0	0	0
0.242	0.058322	0	0.029161	0.484	0	0.242	0	0	0	1	0	0	0
0.243	0.058806	0	0.029403	0.486	0	0.243	0	0	0	1	0	0	0
0.244	0.059292	0	0.029646	0.488	0	0.244	0	0	0	1	0	0	0
0.245	0.05978	0	0.02989	0.49	0	0.245	0	0	0	1	0	0	0
0.246	0.06027	0	0.030135	0.492	0	0.246	0	0	0	1	0	0	0
0.247	0.060762	0	0.030381	0.494	0	0.247	0	0	0	1	0	0	0
0.248	0.061256	0	0.030628	0.496	0	0.248	0	0	0	1	0	0	0
0.249	0.061752	0	0.030876	0.498	0	0.249	0	0	0	1	0	0	0
0.25	0.06225	0	0.031125	0.5	0	0.25	0	0	0	1	0	0	0
0.251	0.06275	0	0.031375	0.502	0	0.251	0	0	0	1	0	0	0
0.252	0.063252	0	0.031626	0.504	0	0.252	0	0	0	1	0	0	0
0.253	0.063756	0	0.031878	0.506	0	0.253	0	0	0	1	0	0	0
0.254	0.064262	0	0.032131	0.508	0	0.254	0	0	0	1	0	0	0
0.255	0.06477	0	0.032385	0.51	0	0.255	0	0	0	1	0	0	0
0.256	0.06528	0	0.03264	0.512	0	0.256	0	0	0	1	0	0	0
0.257	0.065792	0	0.032896	0.514	0	0.257	0	0	0	1	0	0	0
0.258	0.066306	0	0.033153	0.516	0	0.258	0	0	0	1	0	0	0
0.259	0.066822	0	0.033411	0.518	0	0.259	0	0	0	1	0	0	0
0.26	0.06734	0	0.03367	0.52	0	0.26	0	0	0	1	0	0	0
0.261	0.06786	0	0.03393	0.522	0	0.261	0	0	0	1	0	0	0
0.262	0.068382	0	0.034191	0.524	0	0.262	0	0	0	1	0	0	0
0.263	0.068906	0	0.034453	0.526	0	0.263	0	0	0	1	0	0	0
0.264	0.069432	0	0.034716	0.528	0	0.264	0	0	0	1	0	0	0
0.265	0.06996	0	0.03498	0.53	0	0.265	0	0	0	1	0	0	0
0.266	0.07049	0	0.035245	0.532	0	0.266	0	0	0	1	0	0	0
0.267	0.071022	0	0.035511	0.534	0	0.267	0	0	0	1	0	0	0
0.268	0.071556	0	0.035778	0.536	0	0.268	0	0	0	1	0	0	0
0.269	0.072092	0	0.036046	0.538	0	0.269	0	0	0	1	0	0	0
0.27	0.07263	0	0.036315	0.54	0	0.27	0	0	0	1	0	0	0
0.271	0.07317	0	0.036585	0.542	0	0.271	0	0	0	1	0	0	0
0.272	0.073712	0	0.036856	0.544	0	0.272	0	0	0	1	0	0	0
0.273	0.074256	0	0.037128	0.546	0	0.273	0	0	0	1	0	0	0
0.274	0.074802	0	0.037401	0.548	0	0.274	0	0	0	1	0	0	0
0.275	0.07535	0	0.037675	0.55	0	0.275	0	0	0	1	0	0	0
0.276	0.0759	0	0.03795	0.552	0	0.276	0	0	0	1	0	0	0
0.277	0.076452	0	0.038226	0.554	0	0.277	0	0	0	1	0	0	0
0.278	0.077006	0	0.038503	0.556	0	0.278	0	0	0	1	0	0	0
0.279	0.077562	0	0.038781	0.558	0	0.279	0	0	0	1	0	0	0
0.28	0.07812	0	0.03906	0.56	0	0.28	0	0	0	1	0	0	0
0.281	0.07868	0	0.03934	0.562	0	0.281	0	0	0	1	0	0	0
0.282	0.079242	0	0.039621	0.564	0	0.282	0	0	0	1	0	0	0
0.283	0.079806	0	0.039903	0.566	0	0.283	0	0	0	1	0	0	0
0.284	0.080372	0	0.040186	0.568	0	0.284	0	0	0	1	0	0	0
0.285	0.08094	0	0.04047	0.57	0	0.285	0	0	0	1	0	0	0
0.286	0.08151	0	0.040755	0.572	0	0.286	0	0	0	1	0	0	0
0.287	0.082082	0	0.041041	0.574	0	0.287	0	0	0	1	0	0	0
0.288	0.082656	0	0.041328	0.576	0	0.288	0	0	0	1	0	0	0
0.289	0.083232	0	0.041616	0.578	0	0.289	0	0	0	1	0	0	0
0.29	0.08381	0	0.041905	0.58	0	0.29	0	0	0	1	0	0	0
0.291	0.08439	0	0.042195	0.582	0	0.291	0	0	0	1	0	0	0
0.292	0.084972	0	0.042486	0.584	0	0.292	0	0	0	1	0	0	0
0.293	0.085556	0	0.042778	0.586	0	0.293	0	0	0	1	0	0	0
0.294	0.086142	0	0.043071	0.588	0	0.294	0	0	0	1	0	0	0
0.295	0.08673	0	0.043365	0.59	0	0.295	0	0	0	1	0	0	0
0.296	0.08732	0	0.04366	0.592	0	0.296	0	0	0	1	0	0	0
0.297	0.087912	0	0.043956	0.594	0	0.297	0	0	0	1	0	0	0
0.298	0.088506	0	0.044253	0.596	0	0.298	0	0	0	1	0	0	0
0.299	0.089102	0	0.044551	0.598	0	0.299	0	0	0	1	0	0	0
0.3	0.0897	0	0.04485	0.6	0	0.3	0	0	0	1	0	0	0
0.301	0.0903	0	0.04515	0.602	0	0.301	0	0	0	1	0	0	0
0.302	0.090902	0	0.045451	0.604	0	0.302	0	0	0	1	0	0	0
0.303	0.091506	0	0.045753	0.606	0	0.303	0	0	0	1	0	0	0
0.304	0.092112	0	0.046056	0.608	0	0.304	0	0	0	1	0	0	0
0.305	0.09272	0	0.04636	0.61	0	0.305	0	0	0	1	0	0	0
0.306	0.09333	0	0.046665	0.612	0	0.306	0	0	0	1	0	0	0
0.307	0.093942	0	0.046971	0.614	0	0.307	0	0	0	1	0	0	0
0.308	0.094556	0	0.047278	0.616	0	0.308	0	0	0	1	0	0	0
0.309	0.095172	0	0.047586	0.618	0	0.309	0	0	0	1	0	0	0
0.31	0.09579	0	0.047895	0.62	0	0.31	0	0	0	1	0	0	0
0.311	0.09641	0	0.048205	0.622	0	0.311	0	0	0	1	0	0	0
0.312	0.097032	0	0.048516	0.624	0	0.312	0	0	0	1	0	0	0
0.313	0.097656	0	0.048828	0.626	0	0.313	0	0	0	1	0	0	0
0.314	0.098282	0	0.049141	0.628	0	0.314	0	0	0	1	0	0	0
0.315	0.09891	0	0.049455	0.63	0	0.315	0	0	0	1	0	0	0
0.316	0.09954	0	0.04977	0.632	0	0.316	0	0	0	1	0	0	0
0.317	0.100172	0	0.050086	0.634	0	0.317	0	0	0	1	0	0	0
0.318	0.100806	0	0.050403	0.636	0	0.318	0	0	0	1	0	0	0
0.319	0.101442	0	0.050721	0.638	0	0.319	0	0	0	1	0	0	0
0.32	0.10208	0	0.05104	0.64	0	0.32	0	0	0	1	0	0	0
0.321	0.10272	0	0.05136	0.642	0	0.321	0	0	0	1	0	0	0
0.322	0.103362	0	0.051681	0.644	0	0.322	0	0	0	1	0	0	0
0.323	0.104006	0	0.052003	0.646	0	0.323	0	0	0	1	0	0	0
0.324	0.104652	0	0.052326	0.648	0	0.324	0	0	0	1	0	0	0
0.325	0.1053	0	0.05265	0.65	0	0.325	0	0	0	1	0	0	0
0.326	0.10595	0	0.052975	0.652	0	0.326	0	0	0	1	0	0	0
0.327	0.106602	0	0.053301	0.654	0	0.327	0	0	0	1	0	0	0
0.328	0.107256	0	0.053628	0.656	0	0.328	0	0	0	1	0	0	0
0.329	0.107912	0	0.053956	0.658	0	0.329	0	0	0	1	0	0	0
0.33	0.10857	0	0.054285	0.66	0	0.33	0	0	0	1	0	0	0
0.331	0.10923	0	0.054615	0.662	0	0.331	0	0	0	1	0	0	0
0.332	0.109892	0	0.054946	0.664	0	0.332	0	0	0	1	0	0	0
0.333	0.110556	0	0.055278	0.666	0	0.333	0	0	0	1	0	0	0
0.334	0.111222	0	0.055611	0.668	0	0.334	0	0	0	1	0	0	0
0.335	0.11189	0	0.055945	0.67	0	0.335	0	0	0	1	0	0	0
0.336	0.11256	0	0.05628	0.672	0	0.336	0	0	0	1	0	0	0
0.337	0.113232	0	0.056616	0.674	0	0.337	0	0	0	1	0	0	0
0.338	0.113906	0	0.056953	0.676	0	0.338	0	0	0	1	0	0	0
0.339	0.114582	0	0.057291	0.678	0	0.339	0	0	0	1	0	0	0
0.34	0.11526	0	0.05763	0.68	0	0.34	0	0	0	1	0	0	0
0.341	0.11594	0	0.05797	0.682	0	0.341	0	0	0	1	0	0	0
0.342	0.116622	0	0.058311	0.684	0	0.342	0	0	0	1	0	0	0
0.343	0.117306	0	0.058653	0.686	0	0.343	0	0	0	1	0	0	0
0.344	0.117992	0	0.058996	0.688	0	0.344	0	0	0	1	0	0	0
0.345	0.11868	0	0.05934	0.69	0	0.345	0	0	0	1	0	0	0
0.346	0.11937	0	0.059685	0.692	0	0.346	0	0	0	1	0	0	0
0.347	0.120062	0	0.060031	0.694	0	0.347	0	0	0	1	0	0	0
0.348	0.120756	0	0.060378	0.696	0	0.348	0	0	0	1	0	0	0
0.349	0.121452	0	0.060726	0.698	0	0.349	0	0	0	1	0	0	0
0.35	0.12215	0	0.061075	0.7	0	0.35	0	0	0	1	0	0	0
0.351	0.12285	0	0.061425	0.702	0	0.351	0	0	0	1	0	0	0
0.352	0.123552	0	0.061776	0.704	0	0.352	0	0	0	1	0	0	0
0.353	0.124256	0	0.062128	0.706	0	0.353	0	0	0	1	0	0	0
0.354	0.124962	0	0.062481	0.708	0	0.354	0	0	0	1	0	0	0
0.355	0.12567	0	0.062835	0.71	0	0.355	0	0	0	1	0	0	0
0.356	0.12638	0	0.06319	0.712	0	0.356	0	0	0	1	0	0	0
0.357	0.127092	0	0.063546	0.714	0	0.357	0	0	0	1	0	0	0
0.358	0.127806	0	0.063903	0.716	0	0.358	0	0	0	1	0	0	0
0.359	0.128522	0	0.064261	0.718	0	0.359	0	0	0	1	0	0	0
0.36	0.12924	0	0.06462	0.72	0	0.36	0	0	0	1	0	0	0
0.361	0.12996	0	0.06498	0.722	0	0.361	0	0	0	1	0	0	0
0.362	0.130682	0	0.065341	0.724	0	0.362	0	0	0	1	0	0	0
0.363	0.131406	0	0.065703	0.726	0	0.363	0	0	0	1	0	0	0
0.364	0.132132	0	0.066066	0.728	0	0.364	0	0	0	1	0	0	0
0.365	0.13286	0	0.06643	0.73	0	0.365	0	0	0	1	0	0	0
0.366	0.13359	0	0.066795	0.732	0	0.366	0	0	0	1	0	0	0
0.367	0.134322	0	0.067161	0.734	0	0.367	0	0	0	1	0	0	0
0.368	0.135056	0	0.067528	0.736	0	0.368	0	0	0	1	0	0	0
0.369	0.135792	0	0.067896	0.738	0	0.369	0	0	0	1	0	0	0
0.37	0.13653	0	0.068265	0.74	0	0.37	0	0	0	1	0	0	0
0.371	0.13727	0	0.068635	0.742	0	0.371	0	0	0	1	0	0	0
0.372	0.138012	0	0.069006	0.744	0	0.372	0	0	0	1	0	0	0
0.373	0.138756	0	0.069378	0.746	0	0.373	0	0	0	1	0	0	0
0.374	0.139502	0	0.069751	0.748	0	0.374	0	0	0	1	0	0	0
0.375	0.14025	0	0.070125	0.75	0	0.375	0	0	0	1	0	0	0
0.376	0.141	0	0.0705	0.752	0	0.376	0	0	0	1	0	0	0
0.377	0.141752	0	0.070876	0.754	0	0.377	0	0	0	1	0	0	0
0.378	0.142506	0	0.071253	0.756	0	0.378	0	0	0	1	0	0	0
0.379	0.143262	0	0.071631	0.758	0	0.379	0	0	0	1	0	0	0
0.38	0.14402	0	0.07201	0.76	0	0.38	0	0	0	1	0	0	0
0.381	0.14478	0	0.07239	0.762	0	0.381	0	0	0	1	0	0	0
0.382	0.145542	0	0.072771	0.764	0	0.382	0	0	0	1	0	0	0
0.383	0.146306	0	0.073153	0.766	0	0.383	0	0	0	1	0	0	0
0.384	0.147072	0	0.073536	0.768	0	0.384	0	0	0	1	0	0	0
0.385	0.14784	0	0.07392	0.77	0	0.385	0	0	0	1	0	0	0
0.386	0.14861	0	0.074305	0.772	0	0.386	0	0	0	1	0	0	0
0.387	0.149382	0	0.074691	0.774	0	0.387	0	0	0	1	0	0	0
0.388	0.150156	0	0.075078	0.776	0	0.388	0	0	0	1	0	0	0
0.389	0.150932	0	0.075466	0.778	0	0.389	0	0	0	1	0	0	0
0.39	0.15171	0	0.075855	0.78	0	0.39	0	0	0	1	0	0	0
0.391	0.15249	0	0.076245	0.782	0	0.391	0	0	0	1	0	0	0
0.392	0.153272	0	0.076636	0.784	0	0.392	0	0	0	1	0	0	0
0.393	0.154056	0	0.077028	0.786	0	0.393	0	0	0	1	0	0	0
0.394	0.154842	0	0.077421	0.788	0	0.394	0	0	0	1	0	0	0
0.395	0.15563	0	0.077815	0.79	0	0.395	0	0	0	1	0	0	0
0.396	0.15642	0	0.07821	0.792	0	0.396	0	0	0	1	0	0	0
0.397	0.157212	0	0.078606	0.794	0	0.397	0	0	0	1	0	0	0
0.398	0.158006	0	0.079003	0.796	0	0.398	0	0	0	1	0	0	0
0.399	0.158802	0	0.079401	0.798	0	0.399	0	0	0	1	0	0	0
0.4	0.1596	0	0.0798	0.8	0	0.4	0	0	0	1	0	0	0
0.401	0.1604	0	0.0802	0.802	0	0.401	0	0	0	1	0	0	0
0.402	0.161202	0	0.080601	0.804	0	0.402	0	0	0	1	0	0	0
0.403	0.162006	0	0.081003	0.806	0	0.403	0	0	0	1	0	0	0
0.404	0.162812	0	0.081406	0.808	0	0.404	0	0	0	1	0	0	0
0.405	0.16362	0	0.08181	0.81	0	0.405	0	0	0	1	0	0	0
0.406	0.16443	0	0.082215	0.812	0	0.406	0	0	0	1	0	0	0
0.407	0.165242	0	0.082621	0.814	0	0.407	0	0	0	1	0	0	0
0.408	0.166056	0	0.083028	0.816	0	0.408	0	0	0	1	0	0	0
0.409	0.166872	0	0.083436	0.818	0	0.409	0	0	0	1	0	0	0
0.41	0.16769	0	0.083845	0.82	0	0.41	0	0	0	1	0	0	0
0.411	0.16851	0	0.084255	0.822	0	0.411	0	0	0	1	0	0	0
0.412	0.169332	0	0.084666	0.824	0	0.412	0	0	0	1	0	0	0
0.413	0.170156	0	0.085078	0.826	0	0.413	0	0	0	1	0	0	0
0.414	0.170982	0	0.085491	0.828	0	0.414	0	0	0	1	0	0	0
0.415	0.17181	0	0.085905	0.83	0	0.415	0	0	0	1	0	0	0
0.416	0.17264	0	0.08632	0.832	0	0.416	0	0	0	1	0	0	0
0.417	0.173472	0	0.086736	0.834	0	0.417	0	0	0	1	0	0	0
0.418	0.174306	0	0.087153	0.836	0	0.418	0	0	0	1	0	0	0
0.419	0.175142	0	0.087571	0.838	0	0.419	0	0	0	1	0	0	0
0.42	0.17598	0	0.08799	0.84	0	0.42	0	0	0	1	0	0	0
0.421	0.17682	0	0.08841	0.842	0	0.421	0	0	0	1	0	0	0
0.422	0.177662	0	0.088831	0.844	0	0.422	0	0	0	1	0	0	0
0.423	0.178506	0	0.089253	0.846	0	0.423	0	0	0	1	0	0	0
0.424	0.179352	0	0.089676	0.848	0	0.424	0	0	0	1	0	0	0
0.425	0.1802	0	0.0901	0.85	0	0.425	0	0	0	1	0	0	0
0.426	0.18105	0	0.090525	0.852	0	0.426	0	0	0	1	0	0	0
0.427	0.181902	0	0.090951	0.854	0	0.427	0	0	0	1	0	0	0
0.428	0.182756	0	0.091378	0.856	0	0.428	0	0	0	1	0	0	0
0.429	0.183612	0	0.091806	0.858	0	0.429	0	0	0	1	0	0	0
0.43	0.18447	0	0.092235	0.86	0	0.43	0	0	0	1	0	0	0
0.431	0.18533	0	0.092665	0.862	0	0.431	0	0	0	1	0	0	0
0.432	0.186192	0	0.093096	0.864	0	0.432	0	0	0	1	0	0	0
0.433	0.187056	0	0.093528	0.866	0	0.433	0	0	0	1	0	0	0
0.434	0.187922	0	0.093961	0.868	0	0.434	0	0	0	1	0	0	0
0.435	0.18879	0	0.094395	0.87	0	0.435	0	0	0	1	0	0	0
0.436	0.18966	0	0.09483	0.872	0	0.436	0	0	0	1	0	0	0
0.437	0.190532	0	0.095266	0.874	0	0.437	0	0	0	1	0	0	0
0.438	0.191406	0	0.095703	0.876	0	0.438	0	0	0	1	0	0	0
0.439	0.192282	0	0.096141	0.878	0	0.439	0	0	0	1	0	0	0
0.44	0.19316	0	0.09658	0.88	0	0.44	0	0	0	1	0	0	0
0.441	0.19404	0	0.09702	0.882	0	0.441	0	0	0	1	0	0	0
0.442	0.194922	0	0.097461	0.884	0	0.442	0	0	0	1	0	0	0
0.443	0.195806	0	0.097903	0.886	0	0.443	0	0	0	1	0	0	0
0.444	0.196692	0	0.098346	0.888	0	0.444	0	0	0	1	0	0	0
0.445	0.19758	0	0.09879	0.89	0	0.445	0	0	0	1	0	0	0
0.446	0.19847	0	0.099235	0.892	0	0.446	0	0	0	1	0	0	0
0.447	0.199362	0	0.099681	0.894	0	0.447	0	0	0	1	0	0	0
0.448	0.200256	0	0.100128	0.896	0	0.448	0	0	0	1	0	0	0
0.449	0.201152	0	0.100576	0.898	0	0.449	0	0	0	1	0	0	0
0.45	0.20205	0	0.101025	0.9	0	0.45	0	0	0	1	0	0	0
0.451	0.20295	0	0.101475	0.902	0	0.451	0	0	0	1	0	0	0
0.452	0.203852	0	0.101926	0.904	0	0.452	0	0	0	1	0	0	0
0.453	0.204756	0	0.102378	0.906	0	0.453	0	0	0	1	0	0	0
0.454	0.205662	0	0.102831	0.908	0	0.454	0	0	0	1	0	0	0
0.455	0.20657	0	0.103285	0.91	0	0.455	0	0	0	1	0	0	0
0.456	0.20748	0	0.10374	0.912	0	0.456	0	0	0	1	0	0	0
0.457	0.208392	0	0.104196	0.914	0	0.457	0	0	0	1	0	0	0
0.458	0.209306	0	0.104653	0.916	0	0.458	0	0	0	1	0	0	0
0.459	0.210222	0	0.105111	0.918	0	0.459	0	0	0	1	0	0	0
0.46	0.21114	0	0.10557	0.92	0	0.46	0	0	0	1	0	0	0
0.461	0.21206	0	0.10603	0.922	0	0.461	0	0	0	1	0	0	0
0.462	0.212982	0	0.106491	0.924	0	0.462	0	0	0	1	0	0	0
0.463	0.213906	0	0.106953	0.926	0	0.463	0	0	0	1	0	0	0
0.464	0.214832	0	0.107416	0.928	0	0.464	0	0	0	1	0	0	0
0.465	0.21576	0	0.10788	0.93	0	0.465	0	0	0	1	0	0	0
0.466	0.21669	0	0.108345	0.932	0	0.466	0	0	0	1	0	0	0
0.467	0.217622	0	0.108811	0.934	0	0.467	0	0	0	1	0	0	0
0.468	0.218556	0	0.109278	0.936	0	0.468	0	0	0	1	0	0	0
0.469	0.219492	0	0.109746	0.938	0	0.469	0	0	0	1	0	0	0
0.47	0.22043	0	0.110215	0.94	0	0.47	0	0	0	1	0	0	0
0.471	0.22137	0	0.110685	0.942	0	0.471	0	0	0	1	0	0	0
0.472	0.222312	0	0.111156	0.944	0	0.472	0	0	0	1	0	0	0
0.473	0.223256	0	0.111628	0.946	0	0.473	0	0	0	1	0	0	0
0.474	0.224202	0	0.112101	0.948	0	0.474	0	0	0	1	0	0	0
0.475	0.22515	0	0.112575	0.95	0	0.475	0	0	0	1	0	0	0
0.476	0.2261	0	0.11305	0.952	0	0.476	0	0	0	1	0	0	0
0.477	0.227052	0	0.113526	0.954	0	0.477	0	0	0	1	0	0	0
0.478	0.228006	0	0.114003	0.956	0	0.478	0	0	0	1	0	0	0
0.479	0.228962	0	0.114481	0.958	0	0.479	0	0	0	1	0	0	0
0.48	0.22992	0	0.11496	0.96	0	0.48	0	0	0	1	0	0	0
0.481	0.23088	0	0.11544	0.962	0	0.481	0	0	0	1	0	0	0
0.482	0.231842	0	0.115921	0.964	0	0.482	0	0	0	1	0	0	0
0.483	0.232806	0	0.116403	0.966	0	0.483	0	0	0	1	0	0	0
0.484	0.233772	0	0.116886	0.968	0	0.484	0	0	0	1	0	0	0
0.485	0.23474	0	0.11737	0.97	0	0.485	0	0	0	1	0	0	0
0.486	0.23571	0	0.117855	0.972	0	0.486	0	0	0	1	0	0	0
0.487	0.236682	0	0.118341	0.974	0	0.487	0	0	0	1	0	0	0
0.488	0.237656	0	0.118828	0.976	0	0.488	0	0	0	1	0	0	0
0.489	0.238632	0	0.119316	0.978	0	0.489	0	0	0	1	0	0	0
0.49	0.23961	0	0.119805	0.98	0	0.49	0	0	0	1	0	0	0
0.491	0.24059	0	0.120295	0.982	0	0.491	0	0	0	1	0	0	0
0.492	0.241572	0	0.120786	0.984	0	0.492	0	0	0	1	0	0	0
0.493	0.242556	0	0.121278	0.986	0	0.493	0	0	0	1	0	0	0
0.494	0.243542	0	0.121771	0.988	0	0.494	0	0	0	1	0	0	0
0.495	0.24453	0	0.122265	0.99	0	0.495	0	0	0	1	0	0	0
0.496	0.24552	0	0.12276	0.992	0	0.496	0	0	0	1	0	0	0
0.497	0.246512	0	0.123256	0.994	0	0.497	0	0	0	1	0	0	0
0.498	0.247506	0	0.123753	0.996	0	0.498	0	0	0	1	0	0	0
0.499	0.248502	0	0.124251	0.998	0	0.499	0	0	0	1	0	0	0
0.5	0.2495	0	0.12475	1	0	0.5	0	0	0	1	0	0	0
0.501	0.2505	0	0.12525	1.002	0	0.501	0	0	0	1	0	0	0
0.502	0.251502	0	0.125751	1.004	0	0.502	0	0	0	1	0	0	0
0.503	0.252506	0	0.126253	1.006	0	0.503	0	0	0	1	0	0	0
0.504	0.253512	0	0.126756	1.008	0	0.504	0	0	0	1	0	0	0
0.505	0.25452	0	0.12726	1.01	0	0.505	0	0	0	1	0	0	0
0.506	0.25553	0	0.127765	1.012	0	0.506	0	0	0	1	0	0	0
0.507	0.256542	0	0.128271	1.014	0	0.507	0	0	0	1	0	0	0
0.508	0.257556	0	0.128778	1.016	0	0.508	0	0	0	1	0	0	0
0.509	0.258572	0	0.129286	1.018	0	0.509	0	0	0	1	0	0	0
0.51	0.25959	0	0.129795	1.02	0	0.51	0	0	0	1	0	0	0
0.511	0.26061	0	0.130305	1.022	0	0.511	0	0	0	1	0	0	0
0.512	0.261632	0	0.130816	1.024	0	0.512	0	0	0	1	0	0	0
0.513	0.262656	0	0.131328	1.026	0	0.513	0	0	0	1	0	0	0
0.514	0.263682	0	0.131841	1.028	0	0.514	0	0	0	1	0	0	0
0.515	0.26471	0	0.132355	1.03	0	0.515	0	0	0	1	0	0	0
0.516	0.26574	0	0.13287	1.032	0	0.516	0	0	0	1	0	0	0
0.517	0.266772	0	0.133386	1.034	0	0.517	0	0	0	1	0	0	0
0.518	0.267806	0	0.133903	1.036	0	0.518	0	0	0	1	0	0	0
0.519	0.268842	0	0.134421	1.038	0	0.519	0	0	0	1	0	0	0
0.52	0.26988	0	0.13494	1.04	0	0.52	0	0	0	1	0	0	0
0.521	0.27092	0	0.13546	1.042	0	0.521	0	0	0	1	0	0	0
0.522	0.271962	0	0.135981	1.044	0	0.522	0	0	0	1	0	0	0
0.523	0.273006	0	0.136503	1.046	0	0.523	0	0	0	1	0	0	0
0.524	0.274052	0	0.137026	1.048	0	0.524	0	0	0	1	0	0	0
0.525	0.2751	0	0.13755	1.05	0	0.525	0	0	0	1	0	0	0
0.526	0.27615	0	0.138075	1.052	0	0.526	0	0	0	1	0	0	0
0.527	0.277202	0	0.138601	1.054	0	0.527	0	0	0	1	0	0	0
0.528	0.278256	0	0.139128	1.056	0	0.528	0	0	0	1	0	0	0
0.529	0.279312	0	0.139656	1.058	0	0.529	0	0	0	1	0	0	0
0.53	0.28037	0	0.140185	1.06	0	0.53	0	0	0	1	0	0	0
0.531	0.28143	0	0.140715	1.062	0	0.531	0	0	0	1	0	0	0
0.532	0.282492	0	0.141246	1.064	0	0.532	0	0	0	1	0	0	0
0.533	0.283556	0	0.141778	1.066	0	0.533	0	0	0	1	0	0	0
0.534	0.284622	0	0.142311	1.068	0	0.534	0	0	0	1	0	0	0
0.535	0.28569	0	0.142845	1.07	0	0.535	0	0	0	1	0	0	0
0.536	0.28676	0	0.14338	1.072	0	0.536	0	0	0	1	0	0	0
0.537	0.287832	0	0.143916	1.074	0	0.537	0	0	0	1	0	0	0
0.538	0.288906	0	0.144453	1.076	0	0.538	0	0	0	1	0	0	0
0.539	0.289982	0	0.144991	1.078	0	0.539	0	0	0	1	0	0	0
0.54	0.29106	0	0.14553	1.08	0	0.54	0	0	0	1	0	0	0
0.541	0.29214	0	0.14607	1.082	0	0.541	0	0	0	1	0	0	0
0.542	0.293222	0	0.146611	1.084	0	0.542	0	0	0	1	0	0	0
0.543	0.294306	0	0.147153	1.086	0	0.543	0	0	0	1	0	0	0
0.544	0.295392	0	0.147696	1.088	0	0.544	0	0	0	1	0	0	0
0.545	0.29648	0	0.14824	1.09	0	0.545	0	0	0	1	0	0	0
0.546	0.29757	0	0.148785	1.092	0	0.546	0	0	0	1	0	0	0
0.547	0.298662	0	0.149331	1.094	0	0.547	0	0	0	1	0	0	0
0.548	0.299756	0	0.149878	1.096	0	0.548	0	0	0	1	0	0	0
0.549	0.300852	0	0.150426	1.098	0	0.549	0	0	0	1	0	0	0
0.55	0.30195	0	0.150975	1.1	0	0.55	0	0	0	1	0	0	0
0.551	0.30305	0	0.151525	1.102	0	0.551	0	0	0	1	0	0	0
0.552	0.304152	0	0.152076	1.104	0	0.552	0	0	0	1	0	0	0
0.553	0.305256	0	0.152628	1.106	0	0.553	0	0	0	1	0	0	0
0.554	0.306362	0	0.153181	1.108	0	0.554	0	0	0	1	0	0	0
0.555	0.30747	0	0.153735	1.11	0	0.555	0	0	0	1	0	0	0
0.556	0.30858	0	0.15429	1.112	0	0.556	0	0	0	1	0	0	0
0.557	0.309692	0	0.154846	1.114	0	0.557	0	0	0	1	0	0	0
0.558	0.310806	0	0.155403	1.116	0	0.558	0	0	0	1	0	0	0
0.559	0.311922	0	0.155961	1.118	0	0.559	0	0	0	1	0	0	0
0.56	0.31304	0	0.15652	1.12	0	0.56	0	0	0	1	0	0	0
0.561	0.31416	0	0.15708	1.122	0	0.561	0	0	0	1	0	0	0
0.562	0.315282	0	0.157641	1.124	0	0.562	0	0	0	1	0	0	0
0.563	0.316406	0	0.158203	1.126	0	0.563	0	0	0	1	0	0	0
0.564	0.317532	0	0.158766	1.128	0	0.564	0	0	0	1	0	0	0
0.565	0.31866	0	0.15933	1.13	0	0.565	0	0	0	1	0	0	0
0.566	0.31979	0	0.159895	1.132	0	0.566	0	0	0	1	0	0	0
0.567	0.320922	0	0.160461	1.134	0	0.567	0	0	0	1	0	0	0
0.568	0.322056	0	0.161028	1.136	0	0.568	0	0	0	1	0	0	0
0.569	0.323192	0	0.161596	1.138	0	0.569	0	0	0	1	0	0	0
0.57	0.32433	0	0.162165	1.14	0	0.57	0	0	0	1	0	0	0
0.571	0.32547	0	0.162735	1.142	0	0.571	0	0	0	1	0	0	0
0.572	0.326612	0	0.163306	1.144	0	0.572	0	0	0	1	0	0	0
0.573	0.327756	0	0.163878	1.146	0	0.573	0	0	0	1	0	0	0
0.574	0.328902	0	0.164451	1.148	0	0.574	0	0	0	1	0	0	0
0.575	0.33005	0	0.165025	1.15	0	0.575	0	0	0	1	0	0	0
0.576	0.3312	0	0.1656	1.152	0	0.576	0	0	0	1	0	0	0
0.577	0.332352	0	0.166176	1.154	0	0.577	0	0	0	1	0	0	0
0.578	0.333506	0	0.166753	1.156	0	0.578	0	0	0	1	0	0	0
0.579	0.334662	0	0.167331	1.158	0	0.579	0	0	0	1	0	0	0
0.58	0.33582	0	0.16791	1.16	0	0.58	0	0	0	1	0	0	0
0.581	0.33698	0	0.16849	1.162	0	0.581	0	0	0	1	0	0	0
0.582	0.338142	0	0.169071	1.164	0	0.582	0	0	0	1	0	0	0
0.583	0.339306	0	0.169653	1.166	0	0.583	0	0	0	1	0	0	0
0.584	0.340472	0	0.170236	1.168	0	0.584	0	0	0	1	0	0	0
0.585	0.34164	0	0.17082	1.17	0	0.585	0	0	0	1	0	0	0
0.586	0.34281	0	0.171405	1.172	0	0.586	0	0	0	1	0	0	0
0.587	0.343982	0	0.171991	1.174	0	0.587	0	0	0	1	0	0	0
0.588	0.345156	0	0.172578	1.176	0	0.588	0	0	0	1	0	0	0
0.589	0.346332	0	0.173166	1.178	0	0.589	0	0	0	1	0	0	0
0.59	0.34751	0	0.173755	1.18	0	0.59	0	0	0	1	0	0	0
0.591	0.34869	0	0.174345	1.182	0	0.591	0	0	0	1	0	0	0
0.592	0.349872	0	0.174936	1.184	0	0.592	0	0	0	1	0	0	0
0.593	0.351056	0	0.175528	1.186	0	0.593	0	0	0	1	0	0	0
0.594	0.352242	0	0.176121	1.188	0	0.594	0	0	0	1	0	0	0
0.595	0.35343	0	0.176715	1.19	0	0.595	0	0	0	1	0	0	0
0.596	0.35462	0	0.17731	1.192	0	0.596	0	0	0	1	0	0	0
0.597	0.355812	0	0.177906	1.194	0	0.597	0	0	0	1	0	0	0
0.598	0.357006	0	0.178503	1.196	0	0.598	0	0	0	1	0	0	0
0.599	0.358202	0	0.179101	1.198	0	0.599	0	0	0	1	0	0	0
0.6	0.3594	0	0.1797	1.2	0	0.6	0	0	0	1	0	0	0
0.601	0.3606	0	0.1803	1.202	0	0.601	0	0	0	1	0	0	0
0.602	0.361802	0	0.180901	1.204	0	0.602	0	0	0	1	0	0	0
0.603	0.363006	0	0.181503	1.206	0	0.603	0	0	0	1	0	0	0
0.604	0.364212	0	0.182106	1.208	0	0.604	0	0	0	1	0	0	0
0.605	0.36542	0	0.18271	1.21	0	0.605	0	0	0	1	0	0	0
0.606	0.36663	0	0.183315	1.212	0	0.606	0	0	0	1	0	0	0
0.607	0.367842	0	0.183921	1.214	0	0.607	0	0	0	1	0	0	0
0.608	0.369056	0	0.184528	1.216	0	0.608	0	0	0	1	0	0	0
0.609	0.370272	0	0.185136	1.218	0	0.609	0	0	0	1	0	0	0
0.61	0.37149	0	0.185745	1.22	0	0.61	0	0	0	1	0	0	0
0.611	0.37271	0	0.186355	1.222	0	0.611	0	0	0	1	0	0	0
0.612	0.373932	0	0.186966	1.224	0	0.612	0	0	0	1	0	0	0
0.613	0.375156	0	0.187578	1.226	0	0.613	0	0	0	1	0	0	0
0.614	0.376382	0	0.188191	1.228	0	0.614	0	0	0	1	0	0	0
0.615	0.37761	0	0.188805	1.23	0	0.615	0	0	0	1	0	0	0
0.616	0.37884	0	0.18942	1.232	0	0.616	0	0	0	1	0	0	0
0.617	0.380072	0	0.190036	1.234	0	0.617	0	0	0	1	0	0	0
0.618	0.381306	0	0.190653	1.236	0	0.618	0	0	0	1	0	0	0
0.619	0.382542	0	0.191271	1.238	0	0.619	0	0	0	1	0	0	0
0.62	0.38378	0	0.19189	1.24	0	0.62	0	0	0	1	0	0	0
0.621	0.38502	0	0.19251	1.242	0	0.621	0	0	0	1	0	0	0
0.622	0.386262	0	0.193131	1.244	0	0.622	0	0	0	1	0	0	0
0.623	0.387506	0	0.193753	1.246	0	0.623	0	0	0	1	0	0	0
0.624	0.388752	0	0.194376	1.248	0	0.624	0	0	0	1	0	0	0
0.625	0.39	0	0.195	1.25	0	0.625	0	0	0	1	0	0	0
0.626	0.39125	0	0.195625	1.252	0	0.626	0	0	0	1	0	0	0
0.627	0.392502	0	0.196251	1.254	0	0.627	0	0	0	1	0	0	0
0.628	0.393756	0	0.196878	1.256	0	0.628	0	0	0	1	0	0	0
0.629	0.395012	0	0.197506	1.258	0	0.629	0	0	0	1	0	0	0
0.63	0.39627	0	0.198135	1.26	0	0.63	0	0	0	1	0	0	0
0.631	0.39753	0	0.198765	1.262	0	0.631	0	0	0	1	0	0	0
0.632	0.398792	0	0.199396	1.264	0	0.632	0	0	0	1	0	0	0
0.633	0.400056	0	0.200028	1.266	0	0.633	0	0	0	1	0	0	0
0.634	0.401322	0	0.200661	1.268	0	0.634	0	0	0	1	0	0	0
0.635	0.40259	0	0.201295	1.27	0	0.635	0	0	0	1	0	0	0
0.636	0.40386	0	0.20193	1.272	0	0.636	0	0	0	1	0	0	0
0.637	0.405132	0	0.202566	1.274	0	0.637	0	0	0	1	0	0	0
0.638	0.406406	0	0.203203	1.276	0	0.638	0	0	0	1	0	0	0
0.639	0.407682	0	0.203841	1.278	0	0.639	0	0	0	1	0	0	0
0.64	0.40896	0	0.20448	1.28	0	0.64	0	0	0	1	0	0	0
0.641	0.41024	0	0.20512	1.282	0	0.641	0	0	0	1	0	0	0
0.642	0.411522	0	0.205761	1.284	0	0.642	0	0	0	1	0	0	0
0.643	0.412806	0	0.206403	1.286	0	0.643	0	0	0	1	0	0	0
0.644	0.414092	0	0.207046	1.288	0	0.644	0	0	0	1	0	0	0
0.645	0.41538	0	0.20769	1.29	0	0.645	0	0	0	1	0	0	0
0.646	0.41667	0	0.208335	1.292	0	0.646	0	0	0	1	0	0	0
0.647	0.417962	0	0.208981	1.294	0	0.647	0	0	0	1	0	0	0
0.648	0.419256	0	0.209628	1.296	0	0.648	0	0	0	1	0	0	0
0.649	0.420552	0	0.210276	1.298	0	0.649	0	0	0	1	0	0	0
0.65	0.42185	0	0.210925	1.3	0	0.65	0	0	0	1	0	0	0
0.651	0.42315	0	0.211575	1.302	0	0.651	0	0	0	1	0	0	0
0.652	0.424452	0	0.212226	1.304	0	0.652	0	0	0	1	0	0	0
0.653	0.425756	0	0.212878	1.306	0	0.653	0	0	0	1	0	0	0
0.654	0.427062	0	0.213531	1.308	0	0.654	0	0	0	1	0	0	0
0.655	0.42837	0	0.214185	1.31	0	0.655	0	0	0	1	0	0	0
0.656	0.42968	0	0.21484	1.312	0	0.656	0	0	0	1	0	0	0
0.657	0.430992	0	0.215496	1.314	0	0.657	0	0	0	1	0	0	0
0.658	0.432306	0	0.216153	1.316	0	0.658	0	0	0	1	0	0	0
0.659	0.433622	0	0.216811	1.318	0	0.659	0	0	0	1	0	0	0
0.66	0.43494	0	0.21747	1.32	0	0.66	0	0	0	1	0	0	0
0.661	0.43626	0	0.21813	1.322	0	0.661	0	0	0	1	0	0	0
0.662	0.437582	0	0.218791	1.324	0	0.662	0	0	0	1	0	0	0
0.663	0.438906	0	0.219453	1.326	0	0.663	0	0	0	1	0	0	0
0.664	0.440232	0	0.220116	1.328	0	0.664	0	0	0	1	0	0	0
0.665	0.44156	0	0.22078	1.33	0	0.665	0	0	0	1	0	0	0
0.666	0.44289	0	0.221445	1.332	0	0.666	0	0	0	1	0	0	0
0.667	0.444222	0	0.222111	1.334	0	0.667	0	0	0	1	0	0	0
0.668	0.445556	0	0.222778	1.336	0	0.668	0	0	0	1	0	0	0
0.669	0.446892	0	0.223446	1.338	0	0.669	0	0	0	1	0	0	0
0.67	0.44823	0	0.224115	1.34	0	0.67	0	0	0	1	0	0	0
0.671	0.44957	0	0.224785	1.342	0	0.671	0	0	0	1	0	0	0
0.672	0.450912	0	0.225456	1.344	0	0.672	0	0	0	1	0	0	0
0.673	0.452256	0	0.226128	1.346	0	0.673	0	0	0	1	0	0	0
0.674	0.453602	0	0.226801	1.348	0	0.674	0	0	0	1	0	0	0
0.675	0.45495	0	0.227475	1.35	0	0.675	0	0	0	1	0	0	0
0.676	0.4563	0	0.22815	1.352	0	0.676	0	0	0	1	0	0	0
0.677	0.457652	0	0.228826	1.354	0	0.677	0	0	0	1	0	0	0
0.678	0.459006	0	0.229503	1.356	0	0.678	0	0	0	1	0	0	0
0.679	0.460362	0	0.230181	1.358	0	0.679	0	0	0	1	0	0	0
0.68	0.46172	0	0.23086	1.36	0	0.68	0	0	0	1	0	0	0
0.681	0.46308	0	0.23154	1.362	0	0.681	0	0	0	1	0	0	0
0.682	0.464442	0	0.232221	1.364	0	0.682	0	0	0	1	0	0	0
0.683	0.465806	0	0.232903	1.366	0	0.683	0	0	0	1	0	0	0
0.684	0.467172	0	0.233586	1.368	0	0.684	0	0	0	1	0	0	0
0.685	0.46854	0	0.23427	1.37	0	0.685	0	0	0	1	0	0	0
0.686	0.46991	0	0.234955	1.372	0	0.686	0	0	0	1	0	0	0
0.687	0.471282	0	0.235641	1.374	0	0.687	0	0	0	1	0	0	0
0.688	0.472656	0	0.236328	1.376	0	0.688	0	0	0	1	0	0	0
0.689	0.474032	0	0.237016	1.378	0	0.689	0	0	0	1	0	0	0
0.69	0.47541	0	0.237705	1.38	0	0.69	0	0	0	1	0	0	0
0.691	0.47679	0	0.238395	1.382	0	0.691	0	0	0	1	0	0	0
0.692	0.478172	0	0.239086	1.384	0	0.692	0	0	0	1	0	0	0
0.693	0.479556	0	0.239778	1.386	0	0.693	0	0	0	1	0	0	0
0.694	0.480942	0	0.240471	1.388	0	0.694	0	0	0	1	0	0	0
0.695	0.48233	0	0.241165	1.39	0	0.695	0	0	0	1	0	0	0
0.696	0.48372	0	0.24186	1.392	0	0.696	0	0	0	1	0	0	0
0.697	0.485112	0	0.242556	1.394	0	0.697	0	0	0	1	0	0	0
0.698	0.486506	0	0.243253	1.396	0	0.698	0	0	0	1	0	0	0
0.699	0.487902	0	0.243951	1.398	0	0.699	0	0	0	1	0	0	0
0.7	0.4893	0	0.24465	1.4	0	0.7	0	0	0	1	0	0	0
0.701	0.4907	0	0.24535	1.402	0	0.701	0	0	0	1	0	0	0
0.702	0.492102	0	0.246051	1.404	0	0.702	0	0	0	1	0	0	0
0.703	0.493506	0	0.246753	1.406	0	0.703	0	0	0	1	0	0	0
0.704	0.494912	0	0.247456	1.408	0	0.704	0	0	0	1	0	0	0
0.705	0.49632	0	0.24816	1.41	0	0.705	0	0	0	1	0	0	0
0.706	0.49773	0	0.248865	1.412	0	0.706	0	0	0	1	0	0	0
0.707	0.499142	0	0.249571	1.414	0	0.707	0	0	0	1	0	0	0
0.708	0.500556	0	0.250278	1.416	0	0.708	0	0	0	1	0	0	0
0.709	0.501972	0	0.250986	1.418	0	0.709	0	0	0	1	0	0	0
0.71	0.50339	0	0.251695	1.42	0	0.71	0	0	0	1	0	0	0
0.711	0.50481	0	0.252405	1.422	0	0.711	0	0	0	1	0	0	0
0.712	0.506232	0	0.253116	1.424	0	0.712	0	0	0	1	0	0	0
0.713	0.507656	0	0.253828	1.426	0	0.713	0	0	0	1	0	0	0
0.714	0.509082	0	0.254541	1.428	0	0.714	0	0	0	1	0	0	0
0.715	0.51051	0	0.255255	1.43	0	0.715	0	0	0	1	0	0	0
0.716	0.51194	0	0.25597	1.432	0	0.716	0	0	0	1	0	0	0
0.717	0.513372	0	0.256686	1.434	0	0.717	0	0	0	1	0	0	0
0.718	0.514806	0	0.257403	1.436	0	0.718	0	0	0	1	0	0	0
0.719	0.516242	0	0.258121	1.438	0	0.719	0	0	0	1	0	0	0
0.72	0.51768	0	0.25884	1.44	0	0.72	0	0	0	1	0	0	0
0.721	0.51912	0	0.25956	1.442	0	0.721	0	0	0	1	0	0	0
0.722	0.520562	0	0.260281	1.444	0	0.722	0	0	0	1	0	0	0
0.723	0.522006	0	0.261003	1.446	0	0.723	0	0	0	1	0	0	0
0.724	0.523452	0	0.261726	1.448	0	0.724	0	0	0	1	0	0	0
0.725	0.5249	0	0.26245	1.45	0	0.725	0	0	0	1	0	0	0
0.726	0.52635	0	0.263175	1.452	0	0.726	0	0	0	1	0	0	0
0.727	0.527802	0	0.263901	1.454	0	0.727	0	0	0	1	0	0	0
0.728	0.529256	0	0.264628	1.456	0	0.728	0	0	0	1	0	0	0
0.729	0.530712	0	0.265356	1.458	0	0.729	0	0	0	1	0	0	0
0.73	0.53217	0	0.266085	1.46	0	0.73	0	0	0	1	0	0	0
0.731	0.53363	0	0.266815	1.462	0	0.731	0	0	0	1	0	0	0
0.732	0.535092	0	0.267546	1.464	0	0.732	0	0	0	1	0	0	0
0.733	0.536556	0	0.268278	1.466	0	0.733	0	0	0	1	0	0	0
0.734	0.538022	0	0.269011	1.468	0	0.734	0	0	0	1	0	0	0
0.735	0.53949	0	0.269745	1.47	0	0.735	0	0	0	1	0	0	0
0.736	0.54096	0	0.27048	1.472	0	0.736	0	0	0	1	0	0	0
0.737	0.542432	0	0.271216	1.474	0	0.737	0	0	0	1	0	0	0
0.738	0.543906	0	0.271953	1.476	0	0.738	0	0	0	1	0	0	0
0.739	0.545382	0	0.272691	1.478	0	0.739	0	0	0	1	0	0	0
0.74	0.54686	0	0.27343	1.48	0	0.74	0	0	0	1	0	0	0
0.741	0.54834	0	0.27417	1.482	0	0.741	0	0	0	1	0	0	0
0.742	0.549822	0	0.274911	1.484	0	0.742	0	0	0	1	0	0	0
0.743	0.551306	0	0.275653	1.486	0	0.743	0	0	0	1	0	0	0
0.744	0.552792	0	0.276396	1.488	0	0.744	0	0	0	1	0	0	0
0.745	0.55428	0	0.27714	1.49	0	0.745	0	0	0	1	0	0	0
0.746	0.55577	0	0.277885	1.492	0	0.746	0	0	0	1	0	0	0
0.747	0.557262	0	0.278631	1.494	0	0.747	0	0	0	1	0	0	0
0.748	0.558756	0	0.279378	1.496	0	0.748	0	0	0	1	0	0	0
0.749	0.560252	0	0.280126	1.498	0	0.749	0	0	0	1	0	0	0
0.75	0.56175	0	0.280875	1.5	0	0.75	0	0	0	1	0	0	0
0.751	0.56325	0	0.281625	1.502	0	0.751	0	0	0	1	0	0	0
0.752	0.564752	0	0.282376	1.504	0	0.752	0	0	0	1	0	0	0
0.753	0.566256	0	0.283128	1.506	0	0.753	0	0	0	1	0	0	0
0.754	0.567762	0	0.283881	1.508	0	0.754	0	0	0	1	0	0	0
0.755	0.56927	0	0.284635	1.51	0	0.755	0	0	0	1	0	0	0
0.756	0.57078	0	0.28539	1.512	0	0.756	0	0	0	1	0	0	0
0.757	0.572292	0	0.286146	1.514	0	0.757	0	0	0	1	0	0	0
0.758	0.573806	0	0.286903	1.516	0	0.758	0	0	0	1	0	0	0
0.759	0.575322	0	0.287661	1.518	0	0.759	0	0	0	1	0	0	0
0.76	0.57684	0	0.28842	1.52	0	0.76	0	0	0	1	0	0	0
0.761	0.57836	0	0.28918	1.522	0	0.761	0	0	0	1	0	0	0
0.762	0.579882	0	0.289941	1.524	0	0.762	0	0	0	1	0	0	0
0.763	0.581406	0	0.290703	1.526	0	0.763	0	0	0	1	0	0	0
0.764	0.582932	0	0.291466	1.528	0	0.764	0	0	0	1	0	0	0
0.765	0.58446	0	0.29223	1.53	0	0.765	0	0	0	1	0	0	0
0.766	0.58599	0	0.292995	1.532	0	0.766	0	0	0	1	0	0	0
0.767	0.587522	0	0.293761	1.534	0	0.767	0	0	0	1	0	0	0
0.768	0.589056	0	0.294528	1.536	0	0.768	0	0	0	1	0	0	0
0.769	0.590592	0	0.295296	1.538	0	0.769	0	0	0	1	0	0	0
0.77	0.59213	0	0.296065	1.54	0	0.77	0	0	0	1	0	0	0
0.771	0.59367	0	0.296835	1.542	0	0.771	0	0	0	1	0	0	0
0.772	0.595212	0	0.297606	1.544	0	0.772	0	0	0	1	0	0	0
0.773	0.596756	0	0.298378	1.546	0	0.773	0	0	0	1	0	0	0
0.774	0.598302	0	0.299151	1.548	0	0.774	0	0	0	1	0	0	0
0.775	0.59985	0	0.299925	1.55	0	0.775	0	0	0	1	0	0	0
0.776	0.6014	0	0.3007	1.552	0	0.776	0	0	0	1	0	0	0
0.777	0.602952	0	0.301476	1.554	0	0.777	0	0	0	1	0	0	0
0.778	0.604506	0	0.302253	1.556	0	0.778	0	0	0	1	0	0	0
0.779	0.606062	0	0.303031	1.558	0	0.779	0	0	0	1	0	0	0
0.78	0.60762	0	0.30381	1.56	0	0.78	0	0	0	1	0	0	0
0.781	0.60918	0	0.30459	1.562	0	0.781	0	0	0	1	0	0	0
0.782	0.610742	0	0.305371	1.564	0	0.782	0	0	0	1	0	0	0
0.783	0.612306	0	0.306153	1.566	0	0.783	0	0	0	1	0	0	0
0.784	0.613872	0	0.306936	1.568	0	0.784	0	0	0	1	0	0	0
0.785	0.61544	0	0.30772	1.57	0	0.785	0	0	0	1	0	0	0
0.786	0.61701	0	0.308505	1.572	0	0.786	0	0	0	1	0	0	0
0.787	0.618582	0	0.309291	1.574	0	0.787	0	0	0	1	0	0	0
0.788	0.620156	0	0.310078	1.576	0	0.788	0	0	0	1	0	0	0
0.789	0.621732	0	0.310866	1.578	0	0.789	0	0	0	1	0	0	0
0.79	0.62331	0	0.311655	1.58	0	0.79	0	0	0	1	0	0	0
0.791	0.62489	0	0.312445	1.582	0	0.791	0	0	0	1	0	0	0
0.792	0.626472	0	0.313236	1.584	0	0.792	0	0	0	1	0	0	0
0.793	0.628056	0	0.314028	1.586	0	0.793	0	0	0	1	0	0	0
0.794	0.629642	0	0.314821	1.588	0	0.794	0	0	0	1	0	0	0
0.795	0.63123	0	0.315615	1.59	0	0.795	0	0	0	1	0	0	0
0.796	0.63282	0	0.31641	1.592	0	0.796	0	0	0	1	0	0	0
0.797	0.634412	0	0.317206	1.594	0	0.797	0	0	0	1	0	0	0
0.798	0.636006	0	0.318003	1.596	0	0.798	0	0	0	1	0	0	0
0.799	0.637602	0	0.318801	1.598	0	0.799	0	0	0	1	0	0	0
0.8	0.6392	0	0.3196	1.6	0	0.8	0	0	0	1	0	0	0
0.801	0.6408	0	0.3204	1.602	0	0.801	0	0	0	1	0	0	0
0.802	0.642402	0	0.321201	1.604	0	0.802	0	0	0	1	0	0	0
0.803	0.644006	0	0.322003	1.606	0	0.803	0	0	0	1	0	0	0
0.804	0.645612	0	0.322806	1.608	0	0.804	0	0	0	1	0	0	0
0.805	0.64722	0	0.32361	1.61	0	0.805	0	0	0	1	0	0	0
0.806	0.64883	0	0.324415	1.612	0	0.806	0	0	0	1	0	0	0
0.807	0.650442	0	0.325221	1.614	0	0.807	0	0	0	1	0	0	0
0.808	0.652056	0	0.326028	1.616	0	0.808	0	0	0	1	0	0	0
0.809	0.653672	0	0.326836	1.618	0	0.809	0	0	0	1	0	0	0
0.81	0.65529	0	0.327645	1.62	0	0.81	0	0	0	1	0	0	0
0.811	0.65691	0	0.328455	1.622	0	0.811	0	0	0	1	0	0	0
0.812	0.658532	0	0.329266	1.624	0	0.812	0	0	0	1	0	0	0
0.813	0.660156	0	0.330078	1.626	0	0.813	0	0	0	1	0	0	0
0.814	0.661782	0	0.330891	1.628	0	0.814	0	0	0	1	0	0	0
0.815	0.66341	0	0.331705	1.63	0	0.815	0	0	0	1	0	0	0
0.816	0.66504	0	0.33252	1.632	0	0.816	0	0	0	1	0	0	0
0.817	0.666672	0	0.333336	1.634	0	0.817	0	0	0	1	0	0	0
0.818	0.668306	0	0.334153	1.636	0	0.818	0	0	0	1	0	0	0
0.819	0.669942	0	0.334971	1.638	0	0.819	0	0	0	1	0	0	0
0.82	0.67158	0	0.33579	1.64	0	0.82	0	0	0	1	0	0	0
0.821	0.67322	0	0.33661	1.642	0	0.821	0	0	0	1	0	0	0
0.822	0.674862	0	0.337431	1.644	0	0.822	0	0	0	1	0	0	0
0.823	0.676506	0	0.338253	1.646	0	0.823	0	0	0	1	0	0	0
0.824	0.678152	0	0.339076	1.648	0	0.824	0	0	0	1	0	0	0
0.825	0.6798	0	0.3399	1.65	0	0.825	0	0	0	1	0	0	0
0.826	0.68145	0	0.340725	1.652	0	0.826	0	0	0	1	0	0	0
0.827	0.683102	0	0.341551	1.654	0	0.827	0	0	0	1	0	0	0
0.828	0.684756	0	0.342378	1.656	0	0.828	0	0	0	1	0	0	0
0.829	0.686412	0	0.343206	1.658	0	0.829	0	0	0	1	0	0	0
0.83	0.68807	0	0.344035	1.66	0	0.83	0	0	0	1	0	0	0
0.831	0.68973	0	0.344865	1.662	0	0.831	0	0	0	1	0	0	0
0.832	0.691392	0	0.345696	1.664	0	0.832	0	0	0	1	0	0	0
0.833	0.693056	0	0.346528	1.666	0	0.833	0	0	0	1	0	0	0
0.834	0.694722	0	0.347361	1.668	0	0.834	0	0	0	1	0	0	0
0.835	0.69639	0	0.348195	1.67	0	0.835	0	0	0	1	0	0	0
0.836	0.69806	0	0.34903	1.672	0	0.836	0	0	0	1	0	0	0
0.837	0.699732	0	0.349866	1.674	0	0.837	0	0	0	1	0	0	0
0.838	0.701406	0	0.350703	1.676	0	0.838	0	0	0	1	0	0	0
0.839	0.703082	0	0.351541	1.678	0	0.839	0	0	0	1	0	0	0
0.84	0.70476	0	0.35238	1.68	0	0.84	0	0	0	1	0	0	0
0.841	0.70644	0	0.35322	1.682	0	0.841	0	0	0	1	0	0	0
0.842	0.708122	0	0.354061	1.684	0	0.842	0	0	0	1	0	0	0
0.843	0.709806	0	0.354903	1.686	0	0.843	0	0	0	1	0	0	0
0.844	0.711492	0	0.355746	1.688	0	0.844	0	0	0	1	0	0	0
0.845	0.71318	0	0.35659	1.69	0	0.845	0	0	0	1	0	0	0
0.846	0.71487	0	0.357435	1.692	0	0.846	0	0	0	1	0	0	0
0.847	0.716562	0	0.358281	1.694	0	0.847	0	0	0	1	0	0	0
0.848	0.718256	0	0.359128	1.696	0	0.848	0	0	0	1	0	0	0
0.849	0.719952	0	0.359976	1.698	0	0.849	0	0	0	1	0	0	0
0.85	0.72165	0	0.360825	1.7	0	0.85	0	0	0	1	0	0	0
0.851	0.72335	0	0.361675	1.702	0	0.851	0	0	0	1	0	0	0
0.852	0.725052	0	0.362526	1.704	0	0.852	0	0	0	1	0	0	0
0.853	0.726756	0	0.363378	1.706	0	0.853	0	0	0	1	0	0	0
0.854	0.728462	0	0.364231	1.708	0	0.854	0	0	0	1	0	0	0
0.855	0.73017	0	0.365085	1.71	0	0.855	0	0	0	1	0	0	0
0.856	0.73188	0	0.36594	1.712	0	0.856	0	0	0	1	0	0	0
0.857	0.733592	0	0.366796	1.714	0	0.857	0	0	0	1	0	0	0
0.858	0.735306	0	0.367653	1.716	0	0.858	0	0	0	1	0	0	0
0.859	0.737022	0	0.368511	1.718	0	0.859	0	0	0	1	0	0	0
0.86	0.73874	0	0.36937	1.72	0	0.86	0	0	0	1	0	0	0
0.861	0.74046	0	0.37023	1.722	0	0.861	0	0	0	1	0	0	0
0.862	0.742182	0	0.371091	1.724	0	0.862	0	0	0	1	0	0	0
0.863	0.743906	0	0.371953	1.726	0	0.863	0	0	0	1	0	0	0
0.864	0.745632	0	0.372816	1.728	0	0.864	0	0	0	1	0	0	0
0.865	0.74736	0	0.37368	1.73	0	0.865	0	0	0	1	0	0	0
0.866	0.74909	0	0.374545	1.732	0	0.866	0	0	0	1	0	0	0
0.867	0.750822	0	0.375411	1.734	0	0.867	0	0	0	1	0	0	0
0.868	0.752556	0	0.376278	1.736	0	0.868	0	0	0	1	0	0	0
0.869	0.754292	0	0.377146	1.738	0	0.869	0	0	0	1	0	0	0
0.87	0.75603	0	0.378015	1.74	0	0.87	0	0	0	1	0	0	0
0.871	0.75777	0	0.378885	1.742	0	0.871	0	0	0	1	0	0	0
0.872	0.759512	0	0.379756	1.744	0	0.872	0	0	0	1	0	0	0
0.873	0.761256	0	0.380628	1.746	0	0.873	0	0	0	1	0	0	0
0.874	0.763002	0	0.381501	1.748	0	0.874	0	0	0	1	0	0	0
0.875	0.76475	0	0.382375	1.75	0	0.875	0	0	0	1	0	0	0
0.876	0.7665	0	0.38325	1.752	0	0.876	0	0	0	1	0	0	0
0.877	0.768252	0	0.384126	1.754	0	0.877	0	0	0	1	0	0	0
0.878	0.770006	0	0.385003	1.756	0	0.878	0	0	0	1	0	0	0
0.879	0.771762	0	0.385881	1.758	0	0.879	0	0	0	1	0	0	0
0.88	0.77352	0	0.38676	1.76	0	0.88	0	0	0	1	0	0	0
0.881	0.77528	0	0.38764	1.762	0	0.881	0	0	0	1	0	0	0
0.882	0.777042	0	0.388521	1.764	0	0.882	0	0	0	1	0	0	0
0.883	0.778806	0	0.389403	1.766	0	0.883	0	0	0	1	0	0	0
0.884	0.780572	0	0.390286	1.768	0	0.884	0	0	0	1	0	0	0
0.885	0.78234	0	0.39117	1.77	0	0.885	0	0	0	1	0	0	0
0.886	0.78411	0	0.392055	1.772	0	0.886	0	0	0	1	0	0	0
0.887	0.785882	0	0.392941	1.774	0	0.887	0	0	0	1	0	0	0
0.888	0.787656	0	0.393828	1.776	0	0.888	0	0	0	1	0	0	0
0.889	0.789432	0	0.394716	1.778	0	0.889	0	0	0	1	0	0	0
0.89	0.79121	0	0.395605	1.78	0	0.89	0	0	0	1	0	0	0
0.891	0.79299	0	0.396495	1.782	0	0.891	0	0	0	1	0	0	0
0.892	0.794772	0	0.397386	1.784	0	0.892	0	0	0	1	0	0	0
0.893	0.796556	0	0.398278	1.786	0	0.893	0	0	0	1	0	0	0
0.894	0.798342	0	0.399171	1.788	0	0.894	0	0	0	1	0	0	0
0.895	0.80013	0	0.400065	1.79	0	0.895	0	0	0	1	0	0	0
0.896	0.80192	0	0.40096	1.792	0	0.896	0	0	0	1	0	0	0
0.897	0.803712	0	0.401856	1.794	0	0.897	0	0	0	1	0	0	0
0.898	0.805506	0	0.402753	1.796	0	0.898	0	0	0	1	0	0	0
0.899	0.807302	0	0.403651	1.798	0	0.899	0	0	0	1	0	0	0
0.9	0.8091	0	0.40455	1.8	0	0.9	0	0	0	1	0	0	0
0.901	0.8109	0	0.40545	1.802	0	0.901	0	0	0	1	0	0	0
0.902	0.812702	0	0.406351	1.804	0	0.902	0	0	0	1	0	0	0
0.903	0.814506	0	0.407253	1.806	0	0.903	0	0	0	1	0	0	0
0.904	0.816312	0	0.408156	1.808	0	0.904	0	0	0	1	0	0	0
0.905	0.81812	0	0.40906	1.81	0	0.905	0	0	0	1	0	0	0
0.906	0.81993	0	0.409965	1.812	0	0.906	0	0	0	1	0	0	0
0.907	0.821742	0	0.410871	1.814	0	0.907	0	0	0	1	0	0	0
0.908	0.823556	0	0.411778	1.816	0	0.908	0	0	0	1	0	0	0
0.909	0.825372	0	0.412686	1.818	0	0.909	0	0	0	1	0	0	0
0.91	0.82719	0	0.413595	1.82	0	0.91	0	0	0	1	0	0	0
0.911	0.82901	0	0.414505	1.822	0	0.911	0	0	0	1	0	0	0
0.912	0.830832	0	0.415416	1.824	0	0.912	0	0	0	1	0	0	0
0.913	0.832656	0	0.416328	1.826	0	0.913	0	0	0	1	0	0	0
0.914	0.834482	0	0.417241	1.828	0	0.914	0	0	0	1	0	0	0
0.915	0.83631	0	0.418155	1.83	0	0.915	0	0	0	1	0	0	0
0.916	0.83814	0	0.41907	1.832	0	0.916	0	0	0	1	0	0	0
0.917	0.839972	0	0.419986	1.834	0	0.917	0	0	0	1	0	0	0
0.918	0.841806	0	0.420903	1.836	0	0.918	0	0	0	1	0	0	0
0.919	0.843642	0	0.421821	1.838	0	0.919	0	0	0	1	0	0	0
0.92	0.84548	0	0.42274	1.84	0	0.92	0	0	0	1	0	0	0
0.921	0.84732	0	0.42366	1.842	0	0.921	0	0	0	1	0	0	0
0.922	0.849162	0	0.424581	1.844	0	0.922	0	0	0	1	0	0	0
0.923	0.851006	0	0.425503	1.846	0	0.923	0	0	0	1	0	0	0
0.924	0.852852	0	0.426426	1.848	0	0.924	0	0	0	1	0	0	0
0.925	0.8547	0	0.42735	1.85	0	0.925	0	0	0	1	0	0	0
0.926	0.85655	0	0.428275	1.852	0	0.926	0	0	0	1	0	0	0
0.927	0.858402	0	0.429201	1.854	0	0.927	0	0	0	1	0	0	0
0.928	0.860256	0	0.430128	1.856	0	0.928	0	0	0	1	0	0	0
0.929	0.862112	0	0.431056	1.858	0	0.929	0	0	0	1	0	0	0
0.93	0.86397	0	0.431985	1.86	0	0.93	0	0	0	1	0	0	0
0.931	0.86583	0	0.432915	1.862	0	0.931	0	0	0	1	0	0	0
0.932	0.867692	0	0.433846	1.864	0	0.932	0	0	0	1	0	0	0
0.933	0.869556	0	0.434778	1.866	0	0.933	0	0	0	1	0	0	0
0.934	0.871422	0	0.435711	1.868	0	0.934	0	0	0	1	0	0	0
0.935	0.87329	0	0.436645	1.87	0	0.935	0	0	0	1	0	0	0
0.936	0.87516	0	0.43758	1.872	0	0.936	0	0	0	1	0	0	0
0.937	0.877032	0	0.438516	1.874	0	0.937	0	0	0	1	0	0	0
0.938	0.878906	0	0.439453	1.876	0	0.938	0	0	0	1	0	0	0
0.939	0.880782	0	0.440391	1.878	0	0.939	0	0	0	1	0	0	0
0.94	0.88266	0	0.44133	1.88	0	0.94	0	0	0	1	0	0	0
0.941	0.88454	0	0.44227	1.882	0	0.941	0	0	0	1	0	0	0
0.942	0.886422	0	0.443211	1.884	0	0.942	0	0	0	1	0	0	0
0.943	0.888306	0	0.444153	1.886	0	0.943	0	0	0	1	0	0	0
0.944	0.890192	0	0.445096	1.888	0	0.944	0	0	0	1	0	0	0
0.945	0.89208	0	0.44604	1.89	0	0.945	0	0	0	1	0	0	0
0.946	0.89397	0	0.446985	1.892	0	0.946	0	0	0	1	0	0	0
0.947	0.895862	0	0.447931	1.894	0	0.947	0	0	0	1	0	0	0
0.948	0.897756	0	0.448878	1.896	0	0.948	0	0	0	1	0	0	0
0.949	0.899652	0	0.449826	1.898	0	0.949	0	0	0	1	0	0	0
0.95	0.90155	0	0.450775	1.9	0	0.95	0	0	0	1	0	0	0
0.951	0.90345	0	0.451725	1.902	0	0.951	0	0	0	1	0	0	0
0.952	0.905352	0	0.452676	1.904	0	0.952	0	0	0	1	0	0	0
0.953	0.907256	0	0.453628	1.906	0	0.953	0	0	0	1	0	0	0
0.954	0.909162	0	0.454581	1.908	0	0.954	0	0	0	1	0	0	0
0.955	0.91107	0	0.455535	1.91	0	0.955	0	0	0	1	0	0	0
0.956	0.91298	0	0.45649	1.912	0	0.956	0	0	0	1	0	0	0
0.957	0.914892	0	0.457446	1.914	0	0.957	0	0	0	1	0	0	0
0.958	0.916806	0	0.458403	1.916	0	0.958	0	0	0	1	0	0	0
0.959	0.918722	0	0.459361	1.918	0	0.959	0	0	0	1	0	0	0
0.96	0.92064	0	0.46032	1.92	0	0.96	0	0	0	1	0	0	0
0.961	0.92256	0	0.46128	1.922	0	0.961	0	0	0	1	0	0	0
0.962	0.924482	0	0.462241	1.924	0	0.962	0	0	0	1	0	0	0
0.963	0.926406	0	0.463203	1.926	0	0.963	0	0	0	1	0	0	0
0.964	0.928332	0	0.464166	1.928	0	0.964	0	0	0	1	0	0	0
0.965	0.93026	0	0.46513	1.93	0	0.965	0	0	0	1	0	0	0
0.966	0.93219	0	0.466095	1.932	0	0.966	0	0	0	1	0	0	0
0.967	0.934122	0	0.467061	1.934	0	0.967	0	0	0	1	0	0	0
0.968	0.936056	0	0.468028	1.936	0	0.968	0	0	0	1	0	0	0
0.969	0.937992	0	0.468996	1.938	0	0.969	0	0	0	1	0	0	0
0.97	0.93993	0	0.469965	1.94	0	0.97	0	0	0	1	0	0	0
0.971	0.94187	0	0.470935	1.942	0	0.971	0	0	0	1	0	0	0
0.972	0.943812	0	0.471906	1.944	0	0.972	0	0	0	1	0	0	0
0.973	0.945756	0	0.472878	1.946	0	0.973	0	0	0	1	0	0	0
0.974	0.947702	0	0.473851	1.948	0	0.974	0	0	0	1	0	0	0
0.975	0.94965	0	0.474825	1.95	0	0.975	0	0	0	1	0	0	0
0.976	0.9516	0	0.4758	1.952	0	0.976	0	0	0	1	0	0	0
0.977	0.953552	0	0.476776	1.954	0	0.977	0	0	0	1	0	0	0
0.978	0.955506	0	0.477753	1.956	0	0.978	0	0	0	1	0	0	0
0.979	0.957462	0	0.478731	1.958	0	0.979	0	0	0	1	0	0	0
0.98	0.95942	0	0.47971	1.96	0	0.98	0	0	0	1	0	0	0
0.981	0.96138	0	0.48069	1.962	0	0.981	0	0	0	1	0	0	0
0.982	0.963342	0	0.481671	1.964	0	0.982	0	0	0	1	0	0	0
0.983	0.965306	0	0.482653	1.966	0	0.983	0	0	0	1	0	0	0
0.984	0.967272	0	0.483636	1.968	0	0.984	0	0	0	1	0	0	0
0.985	0.96924	0	0.48462	1.97	0	0.985	0	0	0	1	0	0	0
0.986	0.97121	0	0.485605	1.972	0	0.986	0	0	0	1	0	0	0
0.987	0.973182	0	0.486591	1.974	0	0.987	0	0	0	1	0	0	0
0.988	0.975156	0	0.487578	1.976	0	0.988	0	0	0	1	0	0	0
0.989	0.977132	0	0.488566	1.978	0	0.989	0	0	0	1	0	0	0
0.99	0.97911	0	0.489555	1.98	0	0.99	0	0	0	1	0	0	0
0.991	0.98109	0	0.490545	1.982	0	0.991	0	0	0	1	0	0	0
0.992	0.983072	0	0.491536	1.984	0	0.992	0	0	0	1	0	0	0
0.993	0.985056	0	0.492528	1.986	0	0.993	0	0	0	1	0	0	0
0.994	0.987042	0	0.493521	1.988	0	0.994	0	0	0	1	0	0	0
0.995	0.98903	0	0.494515	1.99	0	0.995	0	0	0	1	0	0	0
0.996	0.99102	0	0.49551	1.992	0	0.996	0	0	0	1	0	0	0
0.997	0.993012	0	0.496506	1.994	0	0.997	0	0	0	1	0	0	0
0.998	0.995006	0	0.497503	1.996	0	0.998	0	0	0	1	0	0	0
0.999	0.997002	0	0.498501	1.998	0	0.999	0	0	0	1	0	0	0
1	0.999	0	0.4995	2	0	1	0	0	0	1	0	0	0
