0.030483 116
6.723947 1
0.142393 1
0.179454 1
0.396609 4
0.049560 1
0.102739 1
0.315643 4
0.143664 4
0.066924 1
0.148456 1
0.130800 1
0.096478 1
0.149074 1
0.195826 1
0.273575 1
0.083488 1
0.132070 1
0.339253 1
0.947179 1
0.155188 1
0.249545 1
0.593640 1
0.539572 1
0.176976 1
0.136110 1
0.298676 1
0.137157 1
0.135617 1
0.147718 1
0.429095 4
0.120908 1
0.132808 1
0.133305 1
0.142985 1
0.128724 1
2.502503 4
0.499938 4
0.029559 4
0.030512 4
0.030451 4
0.031284 4
0.029449 4
0.030226 4
0.030226 4
0.030665 4
0.030418 4
0.030193 4
0.030424 4
0.030279 4
0.030501 4
0.029494 4
0.029976 4
0.030826 1
0.030742 1
0.031050 1
0.031264 1
0.030299 1
0.030347 1
0.029421 1
4.201553 1
0.149797 1
0.083888 1
0.093769 1
0.112374 2
0.000064 6
