	0.05	0.02	0.92	0.65	0.20	12.46	-0.00	-0.00	0.00	1.00	-0.00	-0.00	0.00
	0.11	0.04	2.14	0.70	0.22	13.36	-0.00	-0.00	0.00	1.00	-0.00	-0.00	0.00
	0.18	0.06	3.45	0.73	0.23	14.25	-0.00	0.00	0.00	1.00	-0.00	-0.00	-0.00
	0.25	0.08	4.81	0.78	0.25	15.13	-0.00	0.00	0.00	1.00	-0.00	-0.00	-0.00
	0.32	0.10	6.27	0.81	0.27	16.03	-0.00	0.00	0.00	1.00	-0.00	-0.00	-0.00
	0.40	0.13	7.84	0.86	0.29	16.93	-0.00	-0.00	0.00	1.00	-0.00	-0.00	0.00
	0.49	0.16	9.47	0.90	0.30	17.81	-0.00	0.00	0.00	1.00	-0.00	-0.00	0.00
	0.57	0.19	11.17	0.94	0.32	18.69	-0.00	-0.00	0.00	1.00	-0.00	-0.00	-0.00
	0.66	0.22	13.02	0.98	0.33	19.60	-0.00	-0.00	0.00	1.00	-0.00	-0.00	-0.00
	0.76	0.26	14.98	1.03	0.34	20.53	-0.00	0.00	0.00	1.00	-0.00	-0.00	-0.00
	0.86	0.29	16.97	1.07	0.36	21.42	0.00	0.00	0.00	1.00	-0.00	-0.00	-0.00
	0.96	0.33	19.02	1.11	0.37	22.31	-0.00	0.00	0.00	1.00	-0.00	-0.00	-0.00
	1.07	0.37	21.20	1.15	0.39	23.21	-0.00	0.00	0.00	1.00	-0.00	-0.00	-0.00
	1.18	0.41	23.44	1.19	0.40	24.11	-0.00	0.00	0.00	1.00	-0.00	-0.00	-0.00
	1.29	0.45	25.79	1.24	0.42	25.01	0.00	-0.00	0.00	1.00	-0.00	-0.00	-0.00
	1.41	0.50	28.21	1.28	0.43	25.91	0.00	0.00	0.00	1.00	-0.00	-0.00	-0.00
	1.53	0.54	30.68	1.32	0.45	26.79	-0.00	0.00	0.00	1.00	-0.00	-0.00	-0.00
	1.65	0.59	33.26	1.36	0.46	27.69	-0.00	-0.00	0.00	1.00	-0.00	-0.00	-0.00
	1.79	0.64	35.99	1.41	0.47	28.60	-0.00	-0.00	0.00	1.00	-0.00	-0.00	0.00
	1.92	0.69	38.75	1.45	0.49	29.50	0.00	-0.00	0.00	1.00	-0.00	-0.00	0.00
	2.05	0.74	41.56	1.49	0.51	30.39	-0.00	-0.00	0.00	1.00	-0.00	-0.00	0.00
	2.20	0.79	44.51	1.54	0.52	31.29	-0.00	0.00	0.00	1.00	-0.00	-0.00	0.00
	2.34	0.85	47.49	1.58	0.53	32.18	-0.00	0.00	0.00	1.00	-0.00	-0.00	0.00
	2.49	0.91	50.58	1.62	0.55	33.07	-0.00	0.00	0.00	1.00	-0.00	-0.00	0.00
	2.64	0.97	53.76	1.67	0.56	33.97	-0.00	-0.00	0.00	1.00	-0.00	-0.00	0.00
	2.80	1.03	57.06	1.71	0.57	34.88	-0.00	0.00	0.00	1.00	-0.00	-0.00	0.00
	2.96	1.09	60.38	1.75	0.58	35.76	-0.00	0.00	0.00	1.00	-0.00	-0.00	0.00
	3.12	1.16	63.82	1.79	0.60	36.66	0.00	0.00	0.00	1.00	-0.00	-0.00	0.00
	3.28	1.22	67.26	1.83	0.61	37.54	0.00	-0.00	-0.00	1.00	-0.00	-0.00	0.00
	3.45	1.29	70.83	1.88	0.63	38.43	0.00	0.00	0.00	1.00	-0.00	-0.00	0.00
	3.62	1.36	74.44	1.92	0.64	39.31	0.00	0.00	0.00	1.00	-0.00	-0.00	0.00
	3.80	1.43	78.13	1.96	0.65	40.18	-0.00	-0.00	0.00	1.00	-0.00	-0.00	0.00
	3.98	1.50	82.03	2.00	0.67	41.09	-0.00	0.00	0.00	1.00	-0.00	-0.00	0.00
	4.17	1.58	85.93	2.05	0.68	41.98	-0.00	0.00	0.00	1.00	-0.00	-0.00	0.00
	4.36	1.65	89.91	2.09	0.69	42.87	-0.00	-0.00	0.00	1.00	-0.00	-0.00	0.00
	4.55	1.73	94.02	2.13	0.71	43.76	-0.00	0.00	0.00	1.00	-0.00	-0.00	0.00
	4.75	1.81	98.17	2.17	0.72	44.65	-0.00	0.00	0.00	1.00	-0.00	-0.00	0.00
	4.95	1.90	102.45	2.21	0.73	45.55	-0.00	0.00	0.00	1.00	-0.00	-0.00	0.00
	5.15	1.98	106.82	2.25	0.74	46.44	-0.00	0.00	0.00	1.00	-0.00	-0.00	0.00
	5.36	2.07	111.27	2.30	0.75	47.34	-0.00	-0.00	0.00	1.00	-0.00	-0.00	0.00
	5.57	2.16	115.85	2.34	0.76	48.24	-0.00	0.00	0.00	1.00	-0.00	-0.00	0.00
	5.79	2.25	120.52	2.38	0.77	49.15	-0.00	0.00	0.00	1.00	-0.00	-0.00	0.00
	6.01	2.34	125.23	2.42	0.78	50.04	-0.00	0.00	-0.00	1.00	-0.00	-0.00	0.00
	6.24	2.43	130.07	2.46	0.79	50.95	-0.00	0.00	0.00	1.00	-0.00	-0.00	0.00
	6.47	2.53	135.00	2.51	0.80	51.85	-0.00	-0.00	0.00	1.00	-0.00	-0.00	0.00
	6.70	2.63	140.07	2.56	0.82	52.77	-0.00	-0.00	0.00	1.00	-0.00	-0.00	0.00
	6.94	2.73	145.23	2.60	0.83	53.69	-0.00	-0.00	0.00	1.00	-0.00	-0.00	0.00
	7.18	2.83	150.42	2.65	0.84	54.59	-0.00	-0.00	0.00	1.00	-0.00	-0.00	0.00
	7.43	2.94	155.70	2.69	0.85	55.50	-0.00	0.00	0.00	1.00	-0.00	-0.00	0.00
	7.68	3.05	161.12	2.74	0.86	56.41	-0.00	0.00	0.00	1.00	-0.00	-0.00	0.00
	7.93	3.16	166.52	2.78	0.88	57.31	0.00	-0.00	-0.00	1.00	-0.00	-0.00	0.00
	8.18	3.27	172.06	2.83	0.89	58.21	-0.00	-0.00	0.00	1.00	-0.00	-0.00	0.00
	8.45	3.38	177.75	2.88	0.90	59.12	-0.00	-0.00	0.00	1.00	-0.00	-0.00	0.00
	8.71	3.50	183.52	2.92	0.91	60.03	-0.00	0.00	0.00	1.00	-0.00	-0.00	0.00
	8.98	3.61	189.26	2.97	0.92	60.93	0.00	-0.00	0.00	1.00	-0.00	-0.00	0.00
	9.25	3.73	195.09	3.02	0.93	61.83	-0.00	-0.00	0.00	1.00	-0.00	-0.00	0.00
	9.52	3.85	201.07	3.06	0.94	62.74	-0.00	-0.00	0.00	1.00	-0.00	-0.00	0.00
	9.81	3.98	207.25	3.11	0.95	63.66	-0.00	-0.00	0.00	1.00	-0.00	-0.00	0.00
	10.09	4.10	213.40	3.15	0.96	64.57	-0.00	-0.00	0.00	1.00	-0.00	-0.00	0.00
	10.38	4.23	219.71	3.20	0.97	65.49	-0.00	0.00	0.00	1.00	-0.00	-0.00	0.00
	10.67	4.36	226.03	3.24	0.98	66.39	-0.00	0.00	0.00	1.00	-0.00	-0.00	0.00
	10.96	4.50	232.51	3.29	0.99	67.31	-0.00	0.00	0.00	1.00	-0.00	-0.00	0.00
	11.26	4.63	239.01	3.33	1.00	68.22	-0.00	0.00	0.00	1.00	-0.00	-0.00	0.00
	11.56	4.77	245.60	3.37	1.02	69.12	-0.00	0.00	0.00	1.00	-0.00	-0.00	0.00
	11.87	4.91	252.35	3.42	1.03	70.04	-0.00	0.00	0.00	1.00	-0.00	-0.00	0.00
	12.17	5.05	259.04	3.46	1.04	70.93	-0.00	0.00	0.00	1.00	-0.00	-0.00	0.00
	12.49	5.20	265.96	3.51	1.05	71.85	-0.00	-0.00	0.00	1.00	-0.00	-0.00	0.00
	12.81	5.34	272.97	3.56	1.06	72.76	0.00	-0.00	0.00	1.00	-0.00	-0.00	0.00
	13.13	5.49	279.99	3.60	1.08	73.67	0.00	0.00	0.00	1.00	-0.00	-0.00	0.00
	13.44	5.64	286.96	3.64	1.10	74.56	0.00	0.00	0.00	1.00	-0.00	-0.00	0.00
	13.76	5.79	294.08	3.68	1.12	75.45	0.00	0.00	0.00	1.00	-0.00	-0.00	0.00
	14.09	5.94	301.21	3.73	1.13	76.34	0.00	0.00	0.00	1.00	-0.00	-0.00	0.00
	14.42	6.10	308.50	3.77	1.14	77.24	-0.00	-0.00	0.00	1.00	-0.00	-0.00	0.00
	14.76	6.26	316.03	3.82	1.16	78.16	0.00	-0.00	0.00	1.00	-0.00	-0.00	0.00
	15.10	6.42	323.58	3.87	1.17	79.06	-0.00	-0.00	0.00	1.00	-0.00	-0.00	0.00
	15.45	6.59	331.36	3.92	1.18	79.99	-0.00	-0.00	0.00	1.00	-0.00	-0.00	0.00
	15.80	6.75	339.24	3.97	1.19	80.91	-0.00	-0.00	0.00	1.00	-0.00	-0.00	0.00
	16.16	6.93	347.21	4.02	1.20	81.83	-0.00	0.00	0.00	1.00	-0.00	-0.00	0.00
	16.52	7.10	355.03	4.06	1.20	82.73	-0.00	0.00	0.00	1.00	-0.00	-0.00	0.00
	16.88	7.27	363.09	4.11	1.21	83.64	-0.00	0.00	0.00	1.00	-0.00	-0.00	0.00
	17.24	7.45	371.24	4.16	1.22	84.56	-0.00	-0.00	0.00	1.00	-0.00	-0.00	0.00
	17.62	7.63	379.49	4.20	1.22	85.47	-0.00	-0.00	0.00	1.00	-0.00	-0.00	0.00
	17.99	7.81	387.82	4.25	1.23	86.38	-0.00	-0.00	0.00	1.00	-0.00	-0.00	0.00
	18.37	7.99	396.24	4.30	1.25	87.30	-0.00	0.00	0.00	1.00	-0.00	-0.00	0.00
	18.75	8.18	404.75	4.35	1.26	88.21	-0.00	0.00	0.00	1.00	-0.00	-0.00	0.00
	19.13	8.37	413.25	4.39	1.26	89.12	-0.00	0.00	0.00	1.00	-0.00	-0.00	0.00
	19.51	8.56	421.85	4.44	1.27	90.03	-0.00	-0.00	0.00	1.00	-0.00	-0.00	0.00
	19.91	8.75	430.62	4.48	1.28	90.94	-0.00	0.00	0.00	1.00	-0.00	-0.00	0.00
	20.30	8.95	439.48	4.53	1.29	91.85	-0.00	-0.00	0.00	1.00	-0.00	-0.00	0.00
	20.70	9.15	448.43	4.57	1.30	92.77	-0.00	-0.00	0.00	1.00	-0.00	-0.00	0.00
	21.10	9.35	457.47	4.62	1.30	93.69	-0.00	-0.00	0.00	1.00	-0.00	-0.00	0.00
	21.52	9.56	466.79	4.67	1.31	94.62	-0.00	0.00	0.00	1.00	-0.00	-0.00	0.00
	21.93	9.76	475.91	4.72	1.32	95.52	-0.00	-0.00	0.00	1.00	-0.00	-0.00	0.00
	22.34	9.97	485.32	4.77	1.32	96.45	-0.00	-0.00	0.00	1.00	-0.00	-0.00	0.00
	22.76	10.18	494.71	4.82	1.33	97.37	-0.00	-0.00	0.00	1.00	-0.00	-0.00	0.00
	23.19	10.40	504.49	4.87	1.34	98.31	-0.00	-0.00	0.00	1.00	-0.00	-0.00	0.00
	23.62	10.62	514.17	4.92	1.34	99.23	0.00	0.00	0.00	1.00	-0.00	-0.00	0.00
	24.05	10.84	523.73	4.96	1.35	100.14	-0.00	0.00	0.00	1.00	-0.00	-0.00	0.00
	24.49	11.06	533.69	5.01	1.36	101.07	-0.00	-0.00	0.00	1.00	-0.00	-0.00	0.00
	24.93	11.29	543.74	5.05	1.36	102.00	-0.00	0.00	0.00	1.00	-0.00	-0.00	0.00
	25.37	11.52	553.77	5.10	1.36	102.92	-0.00	-0.00	0.00	1.00	-0.00	-0.00	0.00
	25.84	11.75	564.21	5.15	1.37	103.88	-0.00	0.00	0.00	1.00	-0.00	-0.00	0.00
	26.29	11.99	574.43	5.21	1.37	104.80	0.00	0.00	0.00	1.00	-0.00	-0.00	0.00
	26.74	12.22	584.64	5.26	1.38	105.72	-0.00	0.00	0.00	1.00	-0.00	-0.00	0.00
	27.20	12.46	595.26	5.31	1.39	106.66	0.00	-0.00	0.00	1.00	-0.00	-0.00	0.00
	27.67	12.70	605.75	5.36	1.40	107.59	0.00	-0.00	0.00	1.00	-0.00	-0.00	0.00
	28.13	12.95	616.34	5.41	1.41	108.52	-0.00	-0.00	0.00	1.00	-0.00	-0.00	0.00
	28.61	13.20	627.23	5.47	1.41	109.46	-0.00	-0.00	0.00	1.00	-0.01	-0.00	0.00
	29.09	13.45	638.22	5.53	1.42	110.41	-0.00	0.00	0.00	1.00	-0.01	-0.00	0.00
	29.57	13.70	648.97	5.57	1.42	111.32	-0.00	0.00	0.00	1.00	-0.01	-0.00	0.00
	30.05	13.95	659.92	5.62	1.43	112.25	0.00	0.00	0.00	1.00	-0.01	-0.00	0.00
	30.53	14.21	670.96	5.67	1.44	113.17	-0.00	-0.00	0.00	1.00	-0.01	-0.00	0.00
	31.03	14.47	682.32	5.72	1.45	114.12	-0.00	-0.00	0.00	1.00	-0.01	-0.00	0.00
	31.53	14.73	693.66	5.77	1.45	115.05	-0.00	0.00	0.00	1.00	-0.01	-0.00	0.00
	32.03	15.00	705.10	5.82	1.45	115.99	-0.00	0.00	0.00	1.00	-0.01	-0.00	0.00
	32.53	15.27	716.51	5.86	1.46	116.92	-0.00	0.00	0.00	1.00	-0.01	-0.00	0.00
	33.03	15.54	728.00	5.90	1.46	117.84	-0.00	0.00	0.00	1.00	-0.01	-0.00	0.00
	33.53	15.81	739.59	5.95	1.47	118.76	-0.00	-0.00	0.00	1.00	-0.01	-0.00	0.00
	34.05	16.09	751.51	6.00	1.47	119.71	-0.00	0.00	0.00	1.00	-0.01	-0.00	0.00
	34.57	16.37	763.29	6.05	1.48	120.63	-0.00	-0.00	0.00	1.00	-0.01	-0.00	0.00
	35.10	16.66	775.51	6.10	1.48	121.58	-0.00	-0.00	0.00	1.00	-0.01	-0.00	0.00
	35.63	16.95	787.59	6.16	1.48	122.52	-0.00	-0.00	0.00	1.00	-0.01	-0.00	0.00
	36.16	17.23	799.77	6.20	1.49	123.46	-0.00	0.00	0.00	1.00	-0.01	-0.00	0.00
	36.69	17.53	812.03	6.24	1.49	124.39	-0.00	0.00	0.00	1.00	-0.01	-0.00	0.00
	37.22	17.82	824.26	6.29	1.49	125.31	-0.00	-0.00	0.00	1.00	-0.01	-0.00	0.00
	37.76	18.12	836.71	6.35	1.49	126.24	-0.00	-0.00	0.00	1.00	-0.01	-0.00	0.00
	38.31	18.42	849.38	6.41	1.49	127.19	-0.00	-0.00	0.00	1.00	-0.01	-0.00	0.00
	38.86	18.73	862.14	6.46	1.50	128.14	-0.00	-0.00	0.00	1.00	-0.01	-0.00	0.00
	39.41	19.03	874.87	6.52	1.51	129.07	-0.00	-0.00	0.00	1.00	-0.01	-0.00	0.00
	39.97	19.35	887.82	6.56	1.51	130.01	-0.00	0.00	0.00	1.00	-0.01	-0.00	0.00
	40.53	19.66	900.73	6.61	1.51	130.94	0.00	0.00	0.00	1.00	-0.01	-0.00	0.00
	41.08	19.97	913.48	6.67	1.52	131.85	-0.00	-0.00	0.00	1.00	-0.01	-0.00	0.00
	41.64	20.29	926.57	6.73	1.52	132.79	-0.00	-0.00	0.00	1.00	-0.01	-0.00	0.00
	42.22	20.61	940.03	6.78	1.52	133.74	-0.00	0.00	0.00	1.00	-0.01	-0.00	0.00
	42.79	20.93	953.18	6.83	1.53	134.66	-0.00	0.00	0.00	1.00	-0.01	-0.00	0.00
	43.36	21.26	966.42	6.88	1.53	135.59	-0.00	0.00	0.00	1.00	-0.01	-0.00	0.00
	43.93	21.59	979.75	6.92	1.54	136.51	0.00	0.00	0.00	1.00	-0.01	-0.00	0.00
	44.49	21.91	992.89	6.96	1.55	137.42	0.00	0.00	0.00	1.00	-0.01	-0.00	0.00
	45.07	22.24	1006.26	7.01	1.55	138.33	-0.00	0.00	0.00	1.00	-0.01	-0.00	0.00
	45.66	22.58	1020.14	7.06	1.55	139.28	-0.00	-0.00	0.00	1.00	-0.01	-0.00	0.00
	46.27	22.93	1034.25	7.12	1.56	140.23	0.00	0.00	0.00	1.00	-0.01	-0.00	0.00
	46.86	23.27	1048.04	7.17	1.56	141.15	-0.00	-0.00	0.00	1.00	-0.01	-0.00	0.00
	47.47	23.63	1062.34	7.23	1.56	142.10	-0.00	-0.00	0.00	1.00	-0.01	-0.00	0.00
	48.09	23.99	1076.73	7.28	1.56	143.06	-0.00	0.00	0.00	1.00	-0.01	-0.00	0.00
	48.70	24.34	1091.08	7.34	1.56	144.00	-0.00	0.00	0.00	1.00	-0.01	-0.00	0.00
	49.32	24.70	1105.53	7.39	1.56	144.94	-0.00	0.00	0.00	1.00	-0.01	-0.00	0.00
	49.93	25.06	1119.92	7.43	1.56	145.88	0.00	0.00	0.00	1.00	-0.01	-0.00	0.00
	50.54	25.42	1134.26	7.48	1.57	146.80	0.00	-0.00	0.00	1.00	-0.01	-0.00	0.00
	51.17	25.79	1148.98	7.53	1.58	147.75	-0.00	-0.00	-0.00	1.00	-0.01	-0.00	0.00
	51.81	26.18	1164.10	7.59	1.58	148.71	-0.00	0.00	0.00	1.00	-0.01	-0.00	0.00
	52.44	26.55	1178.86	7.63	1.59	149.64	0.00	0.00	0.00	1.00	-0.01	-0.00	0.00
	53.07	26.92	1193.57	7.69	1.60	150.57	-0.00	-0.00	0.00	1.00	-0.01	-0.00	0.00
	53.72	27.31	1208.82	7.74	1.60	151.52	-0.00	0.00	0.00	1.00	-0.01	-0.00	0.00
	54.36	27.69	1223.87	7.79	1.60	152.45	-0.00	0.00	0.00	1.00	-0.01	-0.00	0.00
	55.00	28.08	1239.00	7.83	1.61	153.38	-0.00	0.00	0.00	1.00	-0.01	-0.00	0.00
	55.64	28.46	1254.23	7.89	1.61	154.32	0.00	-0.00	0.00	1.00	-0.01	-0.00	0.00
	56.29	28.86	1269.55	7.93	1.62	155.25	-0.00	-0.00	0.00	1.00	-0.01	-0.00	0.00
	56.96	29.26	1285.28	7.98	1.62	156.21	-0.00	0.00	0.00	1.00	-0.01	-0.00	0.00
	57.62	29.66	1300.78	8.02	1.62	157.14	-0.00	0.00	-0.00	1.00	-0.01	-0.00	0.00
	58.29	30.07	1316.70	8.09	1.62	158.09	-0.00	0.00	0.00	1.00	-0.01	-0.00	0.00
	58.96	30.48	1332.55	8.13	1.62	159.03	-0.00	0.00	0.00	1.00	-0.01	-0.00	0.00
	59.63	30.88	1348.34	8.17	1.62	159.97	-0.00	0.00	0.00	1.00	-0.01	-0.00	0.00
	60.30	31.30	1364.22	8.22	1.62	160.90	-0.00	-0.00	0.00	1.00	-0.01	-0.00	0.00
	60.98	31.72	1380.51	8.28	1.62	161.84	0.00	-0.00	0.00	1.00	-0.01	-0.00	0.00
	61.67	32.14	1396.74	8.34	1.62	162.79	-0.00	-0.00	0.00	1.00	-0.01	-0.00	0.00
	62.36	32.57	1413.23	8.40	1.62	163.74	-0.00	0.00	0.00	1.00	-0.01	-0.00	0.00
	63.05	33.00	1429.65	8.45	1.63	164.68	0.00	-0.00	0.00	1.00	-0.01	-0.00	0.00
	63.74	33.43	1445.99	8.50	1.64	165.62	-0.00	0.00	0.00	1.00	-0.01	-0.00	0.00
	64.42	33.85	1462.27	8.54	1.65	166.54	0.00	0.00	0.00	1.00	-0.01	-0.00	0.00
	65.12	34.29	1478.80	8.60	1.66	167.48	-0.00	0.00	0.00	1.00	-0.01	-0.00	0.00
	65.82	34.73	1495.42	8.64	1.66	168.41	0.00	0.00	0.00	1.00	-0.01	-0.00	0.00
	66.51	35.16	1511.97	8.68	1.66	169.34	-0.00	0.00	0.00	1.00	-0.01	-0.00	0.00
	67.22	35.61	1528.95	8.73	1.67	170.28	-0.00	0.00	0.00	1.00	-0.01	-0.00	0.00
	67.93	36.06	1545.85	8.78	1.68	171.21	0.00	0.00	0.00	1.00	-0.01	-0.00	0.00
	68.64	36.51	1562.84	8.83	1.67	172.15	-0.00	-0.00	-0.00	1.00	-0.01	-0.00	0.00
	69.39	36.98	1580.62	8.90	1.66	173.12	-0.00	0.00	0.00	1.00	-0.01	-0.00	0.00
	70.10	37.44	1597.80	8.94	1.65	174.05	-0.00	0.00	0.00	1.00	-0.01	-0.00	0.00
	70.83	37.90	1615.08	9.00	1.65	174.99	-0.00	0.00	0.00	1.00	-0.01	-0.00	0.00
	71.56	38.36	1632.62	9.04	1.65	175.93	-0.00	0.00	0.00	1.00	-0.01	-0.00	0.00
	72.30	38.84	1650.26	9.10	1.65	176.87	-0.00	-0.00	0.00	1.00	-0.01	-0.00	0.00
	73.04	39.31	1667.99	9.16	1.66	177.81	-0.00	-0.00	0.00	1.00	-0.01	-0.00	0.00
	73.79	39.79	1685.99	9.21	1.67	178.76	0.00	0.00	0.00	1.00	-0.01	-0.00	0.00
	74.52	40.27	1703.55	9.26	1.67	179.69	0.00	0.00	-0.00	1.00	-0.01	-0.00	0.00
	75.26	40.75	1721.39	9.30	1.70	180.63	0.00	0.00	0.00	1.00	-0.01	-0.00	0.00
	76.00	41.23	1739.13	9.34	1.70	181.55	0.00	0.00	0.00	1.00	-0.01	-0.00	0.00
	76.74	41.71	1756.97	9.39	1.71	182.47	0.00	-0.00	0.00	1.00	-0.01	-0.00	0.00
	77.49	42.20	1775.07	9.45	1.72	183.41	-0.00	0.00	0.00	1.00	-0.01	-0.00	0.00
	78.25	42.70	1793.28	9.48	1.73	184.34	-0.00	0.00	0.00	1.00	-0.01	-0.00	0.00
	79.01	43.19	1811.57	9.53	1.73	185.27	-0.00	0.00	0.00	1.00	-0.01	-0.00	0.00
	79.77	43.70	1829.95	9.58	1.73	186.21	0.00	-0.00	0.00	1.00	-0.01	-0.01	0.00
	80.55	44.21	1848.81	9.64	1.74	187.16	-0.00	-0.00	0.00	1.00	-0.01	-0.01	0.00
	81.33	44.72	1867.57	9.69	1.74	188.10	-0.00	-0.00	0.00	1.00	-0.01	-0.01	0.00
	82.11	45.24	1886.42	9.75	1.75	189.04	0.00	-0.00	0.00	1.00	-0.01	-0.01	0.00
	82.89	45.76	1905.37	9.81	1.75	189.98	-0.00	-0.00	0.00	1.00	-0.01	-0.01	0.00
	83.67	46.29	1924.41	9.86	1.75	190.92	0.00	0.00	0.00	1.00	-0.01	-0.01	0.00
	84.45	46.81	1943.17	9.92	1.76	191.85	-0.00	-0.00	0.00	1.00	-0.01	-0.01	0.00
	85.25	47.34	1962.59	9.97	1.76	192.80	0.00	-0.00	0.00	1.00	-0.01	-0.01	0.00
	86.03	47.87	1981.72	10.02	1.76	193.74	-0.00	0.00	0.00	1.00	-0.01	-0.01	0.00
	86.83	48.41	2001.14	10.07	1.77	194.68	-0.00	0.00	-0.00	1.00	-0.01	-0.01	0.00
	87.65	48.96	2021.04	10.13	1.77	195.64	-0.00	-0.00	-0.00	1.00	-0.01	-0.01	0.00
	88.47	49.52	2041.04	10.18	1.77	196.61	-0.00	-0.00	0.00	1.00	-0.01	-0.01	0.00
	89.30	50.08	2061.14	10.23	1.76	197.57	-0.00	0.00	0.00	1.00	-0.01	-0.01	0.00
	90.12	50.64	2081.14	10.29	1.77	198.52	-0.00	-0.00	0.00	1.00	-0.01	-0.01	0.00
	90.94	51.20	2101.24	10.34	1.77	199.47	0.00	0.00	0.00	1.00	-0.01	-0.01	0.00
	91.77	51.77	2121.43	10.41	1.78	200.42	-0.00	0.00	0.00	1.00	-0.01	-0.01	0.00
	92.59	52.33	2141.52	10.45	1.77	201.36	-0.00	0.00	0.00	1.00	-0.01	-0.01	0.00
	93.42	52.90	2161.70	10.51	1.77	202.30	0.00	-0.00	0.00	1.00	-0.01	-0.01	0.00
	94.25	53.48	2182.18	10.57	1.77	203.26	-0.00	-0.00	0.00	1.00	-0.01	-0.01	0.00
	95.09	54.06	2202.75	10.62	1.77	204.21	-0.00	0.00	0.00	1.00	-0.01	-0.01	0.00
	95.94	54.65	2223.42	10.69	1.77	205.16	0.00	-0.00	0.00	1.00	-0.01	-0.01	0.00
	96.78	55.23	2244.19	10.75	1.77	206.11	-0.00	-0.00	0.00	1.00	-0.01	-0.01	0.00
	97.64	55.83	2265.26	10.82	1.76	207.08	-0.00	-0.00	0.00	1.00	-0.01	-0.01	0.00
	98.49	56.43	2286.22	10.86	1.77	208.03	-0.00	0.00	0.00	1.00	-0.01	-0.01	0.00
	99.35	57.03	2307.28	10.92	1.76	208.98	-0.00	-0.00	0.00	1.00	-0.01	-0.01	0.00
	100.21	57.64	2328.43	10.98	1.76	209.93	0.00	0.00	0.00	1.00	-0.01	-0.01	0.00
	101.07	58.24	2349.68	11.03	1.77	210.88	-0.00	-0.00	0.00	1.00	-0.01	-0.01	0.00
	101.95	58.87	2371.45	11.10	1.76	211.86	-0.00	0.00	0.00	1.00	-0.01	-0.01	0.00
	102.81	59.48	2392.68	11.15	1.76	212.80	-0.00	0.00	0.00	1.00	-0.01	-0.01	0.00
	103.69	60.10	2414.44	11.19	1.75	213.77	-0.00	-0.00	0.00	1.00	-0.01	-0.01	0.00
	104.59	60.74	2436.50	11.25	1.75	214.75	0.00	0.00	0.00	1.00	-0.01	-0.01	0.00
	105.45	61.36	2457.81	11.30	1.74	215.68	-0.00	-0.00	0.00	1.00	-0.01	-0.01	0.00
	106.36	62.01	2480.29	11.36	1.74	216.66	-0.00	-0.00	0.00	1.00	-0.01	-0.01	0.00
	107.25	62.65	2502.43	11.42	1.73	217.62	-0.00	0.00	0.00	1.00	-0.01	-0.01	0.00
	108.15	63.29	2524.68	11.47	1.73	218.59	-0.00	0.00	0.00	1.00	-0.01	-0.01	0.00
	109.04	63.94	2546.80	11.52	1.72	219.55	-0.00	0.00	0.00	1.00	-0.01	-0.01	0.00
	109.94	64.59	2569.24	11.58	1.72	220.51	0.00	-0.00	0.00	1.00	-0.01	-0.01	0.00
	110.85	65.25	2591.78	11.63	1.71	221.47	0.00	0.00	0.00	1.00	-0.01	-0.01	0.00
	111.73	65.89	2613.75	11.67	1.71	222.40	-0.00	0.00	0.00	1.00	-0.01	-0.01	0.00
	112.65	66.56	2636.71	11.74	1.70	223.37	-0.00	0.00	0.00	1.00	-0.01	-0.01	0.00
	113.56	67.23	2659.32	11.79	1.69	224.33	-0.00	-0.00	0.00	1.00	-0.01	-0.01	0.00
	114.48	67.90	2682.25	11.85	1.69	225.29	-0.00	0.00	0.00	1.00	-0.01	-0.01	0.00
	115.41	68.58	2705.27	11.91	1.69	226.25	-0.00	-0.00	0.00	1.00	-0.01	-0.01	0.00
	116.34	69.27	2728.63	11.97	1.68	227.22	0.00	-0.00	0.00	1.00	-0.01	-0.01	0.00
	117.26	69.94	2751.62	12.04	1.68	228.17	-0.00	0.00	0.00	1.00	-0.01	-0.01	0.00
	118.20	70.63	2774.94	12.08	1.67	229.14	0.00	0.00	0.00	1.00	-0.01	-0.01	0.00
	119.12	71.31	2797.90	12.15	1.67	230.08	-0.00	-0.00	0.00	1.00	-0.01	-0.01	0.00
	120.07	72.03	2821.88	12.22	1.68	231.06	-0.00	-0.00	0.00	1.00	-0.01	-0.01	0.00
	121.02	72.73	2845.50	12.28	1.68	232.02	0.00	-0.00	0.00	1.00	-0.01	-0.01	0.00
	121.96	73.43	2868.98	12.35	1.69	232.97	0.00	-0.00	0.00	1.00	-0.01	-0.01	0.00
	122.91	74.14	2892.79	12.40	1.70	233.94	0.00	0.00	0.00	1.00	-0.01	-0.01	0.00
	123.84	74.84	2916.23	12.45	1.68	234.88	-0.00	0.00	0.00	1.00	-0.01	-0.01	0.00
	124.78	75.54	2939.77	12.50	1.68	235.83	-0.00	0.00	0.00	1.00	-0.01	-0.01	0.00
	125.74	76.27	2963.87	12.55	1.67	236.79	-0.00	0.00	0.00	1.00	-0.01	-0.01	0.00
	126.70	76.99	2988.07	12.61	1.66	237.76	-0.00	-0.00	0.00	1.00	-0.01	-0.01	0.00
	127.68	77.73	3012.61	12.68	1.66	238.73	0.00	0.00	0.00	1.00	-0.01	-0.01	0.00
	128.62	78.44	3036.29	12.73	1.66	239.66	-0.00	0.00	0.00	1.00	-0.01	-0.01	0.00
	129.58	79.17	3060.54	12.78	1.65	240.62	-0.00	-0.00	0.00	1.00	-0.01	-0.01	0.00
	130.58	79.93	3085.61	12.86	1.64	241.60	-0.00	0.00	0.00	1.00	-0.01	-0.01	0.00
	131.56	80.68	3110.30	12.93	1.63	242.56	-0.00	-0.00	0.00	1.00	-0.01	-0.01	0.00
	132.55	81.44	3135.34	13.00	1.62	243.53	-0.00	-0.00	0.00	1.00	-0.01	-0.01	0.00
	133.55	82.20	3160.47	13.05	1.60	244.50	-0.00	0.00	0.00	1.00	-0.01	-0.01	0.00
	134.52	82.94	3184.97	13.10	1.60	245.44	-0.00	0.00	0.00	1.00	-0.01	-0.01	0.00
	135.52	83.71	3210.05	13.16	1.60	246.40	0.00	0.00	0.00	1.00	-0.01	-0.01	0.00
	136.49	84.46	3234.74	13.22	1.60	247.35	-0.00	-0.00	0.00	1.00	-0.01	-0.01	0.00
	137.49	85.23	3260.01	13.27	1.59	248.31	-0.00	0.00	0.00	1.00	-0.01	-0.01	0.00
	138.50	86.01	3285.39	13.32	1.58	249.27	-0.00	-0.00	0.00	1.00	-0.01	-0.01	0.00
	139.50	86.79	3310.86	13.37	1.58	250.23	-0.00	0.00	0.00	1.00	-0.01	-0.01	0.00
	140.51	87.57	3336.44	13.44	1.56	251.20	-0.00	-0.00	0.00	1.00	-0.01	-0.01	0.00
	141.52	88.36	3362.11	13.49	1.56	252.16	-0.00	0.00	0.00	1.00	-0.01	-0.01	0.00
	142.53	89.15	3387.62	13.54	1.55	253.12	-0.00	0.00	0.00	1.00	-0.01	-0.01	0.00
	143.56	89.95	3413.74	13.60	1.54	254.09	0.00	0.00	0.00	1.00	-0.01	-0.01	0.00
	144.55	90.73	3438.95	13.65	1.52	255.03	-0.00	0.00	0.00	1.00	-0.01	-0.01	0.00
	145.57	91.53	3465.01	13.70	1.51	255.99	-0.00	0.00	0.00	1.00	-0.01	-0.01	0.00
	146.60	92.34	3491.17	13.76	1.50	256.95	0.00	-0.00	0.00	1.00	-0.01	-0.01	0.00
	147.62	93.15	3517.17	13.82	1.48	257.91	-0.00	-0.00	0.00	1.00	-0.01	-0.01	0.00
	148.67	93.97	3543.78	13.87	1.47	258.88	-0.00	0.00	0.00	1.00	-0.01	-0.01	0.00
	149.70	94.79	3569.97	13.92	1.47	259.83	0.00	0.00	0.00	1.00	-0.01	-0.01	0.00
	150.72	95.60	3596.01	13.98	1.46	260.78	-0.00	0.00	0.00	1.00	-0.01	-0.01	0.00
	151.76	96.43	3622.65	14.04	1.45	261.74	-0.00	0.00	0.00	1.00	-0.01	-0.01	0.00
	152.81	97.26	3649.40	14.12	1.44	262.70	-0.00	-0.00	0.00	1.00	-0.01	-0.01	0.00
	153.86	98.10	3676.24	14.16	1.44	263.67	0.00	0.00	0.00	1.00	-0.01	-0.01	0.00
	154.89	98.93	3702.66	14.22	1.43	264.61	-0.00	0.00	0.00	1.00	-0.01	-0.01	0.00
	155.94	99.77	3729.43	14.27	1.41	265.56	-0.00	-0.00	0.00	1.00	-0.01	-0.01	0.00
	157.01	100.63	3756.83	14.33	1.40	266.53	-0.00	0.00	0.00	1.00	-0.01	-0.01	0.00
	158.07	101.49	3784.07	14.38	1.39	267.50	-0.00	0.00	0.00	1.00	-0.01	-0.01	0.00
	159.14	102.35	3811.40	14.43	1.38	268.46	-0.00	-0.00	0.00	1.00	-0.01	-0.01	0.00
	160.23	103.24	3839.37	14.49	1.37	269.44	0.00	-0.00	0.00	1.00	-0.01	-0.01	0.00
	161.31	104.11	3867.17	14.55	1.35	270.41	-0.00	0.00	0.00	1.00	-0.01	-0.01	0.00
	162.38	104.99	3894.80	14.61	1.36	271.37	-0.00	-0.00	0.00	1.00	-0.01	-0.01	0.00
	163.47	105.88	3922.80	14.67	1.35	272.34	0.00	-0.00	0.00	1.00	-0.01	-0.01	0.00
	164.55	106.76	3950.63	14.72	1.37	273.31	0.00	0.00	0.00	1.00	-0.01	-0.01	0.00
	165.62	107.64	3978.29	14.77	1.35	274.26	0.00	-0.00	0.00	1.00	-0.01	-0.01	0.00
	166.71	108.53	4006.31	14.82	1.35	275.23	-0.00	0.00	0.00	1.00	-0.01	-0.01	0.00
	167.81	109.44	4034.71	14.89	1.34	276.20	-0.00	0.00	0.00	1.00	-0.01	-0.01	0.00
	168.90	110.34	4062.93	14.95	1.33	277.16	0.00	-0.00	0.00	1.00	-0.01	-0.01	0.00
	170.00	111.24	4091.25	15.03	1.32	278.12	-0.00	0.00	0.00	1.00	-0.01	-0.01	0.00
	171.12	112.17	4120.23	15.09	1.31	279.10	-0.00	0.00	0.00	1.00	-0.01	-0.01	0.00
	172.22	113.08	4148.74	15.14	1.29	280.07	-0.00	0.00	0.00	1.00	-0.01	-0.01	0.00
	173.34	114.01	4177.64	15.19	1.27	281.04	-0.00	0.00	0.00	1.00	-0.01	-0.01	0.00
	174.45	114.93	4206.36	15.25	1.27	282.00	0.00	0.00	0.00	1.00	-0.01	-0.01	0.00
	175.54	115.84	4234.60	15.30	1.28	282.94	0.00	-0.00	0.00	1.00	-0.01	-0.01	0.00
	176.66	116.79	4263.80	15.35	1.27	283.91	0.00	0.00	0.00	1.00	-0.01	-0.01	0.00
	177.77	117.71	4292.52	15.43	1.27	284.86	0.00	-0.00	0.00	1.00	-0.01	-0.01	0.00
	178.90	118.66	4321.91	15.49	1.25	285.84	-0.00	0.00	0.00	1.00	-0.01	-0.01	0.00
	180.04	119.62	4351.40	15.57	1.24	286.81	-0.00	0.00	0.00	1.00	-0.01	-0.01	0.00
	181.16	120.57	4380.71	15.64	1.22	287.78	-0.00	-0.00	0.00	1.00	-0.01	-0.01	0.00
	182.32	121.54	4410.69	15.69	1.22	288.76	-0.00	-0.00	0.00	1.00	-0.01	-0.01	0.00
	183.46	122.51	4440.48	15.74	1.21	289.74	-0.00	0.00	0.00	1.00	-0.01	-0.01	0.00
	184.59	123.48	4470.09	15.78	1.19	290.70	-0.00	0.00	0.00	1.00	-0.01	-0.01	0.00
	185.73	124.45	4499.79	15.83	1.20	291.66	0.00	0.00	0.00	1.00	-0.01	-0.01	0.00
	186.85	125.40	4529.00	15.89	1.19	292.61	-0.00	0.00	0.00	1.00	-0.01	-0.01	0.00
	188.01	126.39	4559.19	15.93	1.17	293.58	-0.00	-0.00	0.00	1.00	-0.01	-0.01	0.00
	189.17	127.38	4589.48	15.99	1.17	294.54	-0.00	0.00	0.00	1.00	-0.01	-0.01	0.00
	190.34	128.39	4620.17	16.06	1.16	295.52	-0.00	-0.00	0.00	1.00	-0.01	-0.01	0.00
	191.51	129.39	4650.66	16.11	1.14	296.50	-0.00	0.00	0.00	1.00	-0.01	-0.01	0.00
	192.68	130.41	4681.54	16.18	1.13	297.48	-0.00	0.00	0.00	1.00	-0.01	-0.01	0.00
	193.84	131.41	4711.94	16.25	1.12	298.44	-0.00	-0.00	0.00	1.00	-0.01	-0.01	0.00
	195.01	132.43	4742.72	16.29	1.11	299.42	-0.00	-0.00	0.00	1.00	-0.01	-0.01	0.00
	196.20	133.46	4773.92	16.37	1.11	300.39	0.00	0.00	0.00	1.00	-0.01	-0.01	0.00
	197.34	134.46	4804.00	16.41	1.11	301.34	-0.00	0.00	0.00	1.00	-0.01	-0.01	0.00
	198.52	135.49	4835.09	16.46	1.12	302.32	0.00	0.00	0.00	1.00	-0.01	-0.01	0.00
	199.67	136.50	4865.37	16.52	1.13	303.26	0.00	0.00	0.00	1.00	-0.01	-0.01	0.00
	200.85	137.53	4896.35	16.59	1.11	304.22	-0.00	0.00	0.00	1.00	-0.01	-0.01	0.00
	202.04	138.58	4927.74	16.65	1.09	305.19	-0.00	0.00	0.00	1.00	-0.01	-0.01	0.00
	203.22	139.62	4958.92	16.71	1.08	306.16	0.00	0.00	0.00	1.00	-0.01	-0.01	0.00
	204.38	140.64	4989.58	16.76	1.07	307.10	0.00	0.00	0.00	1.00	-0.01	-0.01	0.00
	205.56	141.69	5020.96	16.81	1.05	308.06	-0.00	0.00	0.00	1.00	-0.01	-0.01	0.00
	206.75	142.75	5052.43	16.85	1.03	309.02	-0.00	0.00	0.00	1.00	-0.02	-0.01	0.00
	207.96	143.82	5084.31	16.92	1.04	309.99	0.00	-0.00	0.00	1.00	-0.02	-0.01	0.00
	209.16	144.88	5115.98	16.98	1.03	310.95	0.00	-0.00	0.00	1.00	-0.02	-0.01	0.00
	210.36	145.95	5147.75	17.04	1.02	311.91	-0.00	-0.00	0.00	1.00	-0.02	-0.01	0.00
	211.58	147.05	5180.24	17.09	0.99	312.89	-0.00	0.00	0.00	1.00	-0.02	-0.01	0.00
	212.79	148.13	5212.20	17.14	0.98	313.85	-0.00	0.00	0.00	1.00	-0.02	-0.01	0.00
	214.00	149.22	5244.58	17.18	0.96	314.82	-0.00	0.00	0.00	1.00	-0.02	-0.01	0.00
	215.21	150.31	5276.74	17.22	0.95	315.78	0.00	0.00	0.00	1.00	-0.02	-0.01	0.00
	216.40	151.38	5308.37	17.28	0.96	316.72	-0.00	0.00	0.00	1.00	-0.02	-0.01	0.00
	217.63	152.49	5341.04	17.33	0.93	317.69	-0.00	0.00	0.00	1.00	-0.02	-0.01	0.00
	218.86	153.61	5373.81	17.40	0.93	318.66	-0.00	-0.00	0.00	1.00	-0.02	-0.01	0.00
	220.11	154.74	5407.01	17.47	0.92	319.64	-0.00	0.00	0.00	1.00	-0.02	-0.01	0.00
	221.32	155.85	5439.34	17.53	0.92	320.59	-0.00	-0.00	0.00	1.00	-0.02	-0.01	0.00
	222.56	156.98	5472.41	17.58	0.91	321.57	0.00	-0.00	0.00	1.00	-0.02	-0.01	0.00
	223.80	158.11	5505.58	17.64	0.92	322.54	-0.00	-0.00	0.00	1.00	-0.02	-0.01	0.00
	225.04	159.26	5538.85	17.70	0.90	323.51	-0.00	0.00	0.00	1.00	-0.02	-0.01	0.00
	226.29	160.40	5572.23	17.74	0.89	324.47	-0.00	0.00	0.00	1.00	-0.02	-0.01	0.00
	227.52	161.55	5605.37	17.81	0.88	325.43	-0.00	-0.00	0.00	1.00	-0.02	-0.01	0.00
	228.78	162.71	5638.95	17.88	0.88	326.41	-0.00	-0.00	0.00	1.00	-0.02	-0.01	0.00
	230.05	163.89	5673.27	17.95	0.86	327.40	-0.00	-0.00	0.00	1.00	-0.02	-0.01	0.00
	231.30	165.05	5706.71	18.00	0.85	328.36	-0.00	0.00	0.00	1.00	-0.02	-0.01	0.00
	232.56	166.23	5740.59	18.07	0.85	329.33	-0.00	0.00	0.00	1.00	-0.02	-0.01	0.00
	233.82	167.41	5774.56	18.14	0.84	330.31	0.00	0.00	0.00	1.00	-0.02	-0.01	0.00
	235.08	168.58	5808.30	18.19	0.82	331.27	0.00	0.00	-0.00	1.00	-0.02	-0.01	0.00
	236.33	169.76	5842.14	18.24	0.81	332.23	0.00	-0.00	0.00	1.00	-0.02	-0.01	0.00
	237.59	170.94	5876.08	18.30	0.80	333.19	0.00	-0.00	0.00	1.00	-0.02	-0.01	0.00
	238.87	172.14	5910.45	18.36	0.77	334.15	-0.00	-0.00	0.00	1.00	-0.02	-0.01	0.00
	240.14	173.34	5944.92	18.40	0.76	335.12	-0.00	0.00	0.00	1.00	-0.02	-0.01	0.00
	241.42	174.55	5979.49	18.48	0.76	336.09	-0.00	-0.00	-0.00	1.00	-0.02	-0.01	0.00
	242.72	175.78	6014.50	18.55	0.75	337.07	-0.00	0.00	0.00	1.00	-0.02	-0.01	0.00
	244.00	177.00	6049.27	18.62	0.74	338.05	-0.00	0.00	0.00	1.00	-0.02	-0.01	0.00
	245.28	178.21	6083.80	18.67	0.75	339.01	0.00	0.00	0.00	1.00	-0.02	-0.01	0.00
	246.54	179.41	6118.09	18.73	0.72	339.96	-0.00	0.00	0.00	1.00	-0.02	-0.01	0.00
	247.82	180.63	6152.82	18.78	0.71	340.92	-0.00	0.00	0.00	1.00	-0.02	-0.01	0.00
	249.11	181.86	6187.64	18.85	0.72	341.88	0.00	-0.00	-0.00	1.00	-0.02	-0.01	0.00
	250.42	183.12	6223.25	18.91	0.70	342.86	-0.00	0.00	0.00	1.00	-0.02	-0.01	0.00
	251.72	184.37	6258.62	18.97	0.68	343.83	0.00	-0.00	0.00	1.00	-0.02	-0.01	0.00
	253.01	185.61	6293.74	19.03	0.67	344.78	-0.00	-0.00	0.00	1.00	-0.02	-0.01	0.00
	254.32	186.87	6329.30	19.07	0.65	345.75	-0.00	0.00	0.00	1.00	-0.02	-0.01	0.00
	255.63	188.13	6364.97	19.15	0.62	346.72	-0.00	-0.00	0.00	1.00	-0.02	-0.01	0.00
	256.94	189.40	6400.73	19.20	0.61	347.69	-0.00	0.00	0.00	1.00	-0.02	-0.01	0.00
	258.25	190.67	6436.60	19.25	0.59	348.66	-0.00	0.00	0.00	1.00	-0.02	-0.01	0.00
	259.54	191.93	6471.86	19.29	0.57	349.61	-0.00	0.00	0.00	1.00	-0.02	-0.01	0.00
	260.86	193.21	6507.93	19.35	0.57	350.59	-0.00	0.00	0.00	1.00	-0.02	-0.01	0.00
	262.16	194.48	6543.39	19.39	0.58	351.54	0.00	0.00	0.00	1.00	-0.02	-0.01	0.00
	263.46	195.75	6578.94	19.43	0.58	352.49	-0.00	0.00	0.00	1.00	-0.02	-0.01	0.00
	264.77	197.04	6614.95	19.48	0.57	353.45	-0.00	0.00	0.00	1.00	-0.02	-0.01	0.00
	266.09	198.33	6651.05	19.52	0.55	354.41	-0.00	0.00	0.00	1.00	-0.02	-0.01	0.00
	267.42	199.64	6687.61	19.56	0.52	355.38	-0.00	0.00	0.00	1.00	-0.02	-0.01	0.00
	268.74	200.95	6723.91	19.61	0.51	356.34	-0.00	0.00	0.00	1.00	-0.02	-0.01	0.00
	270.07	202.26	6760.31	19.65	0.49	357.30	-0.00	0.00	0.00	1.00	-0.02	-0.01	0.00
	271.40	203.58	6796.80	19.70	0.48	358.27	-0.00	0.00	0.00	1.00	-0.02	-0.01	0.00
	272.73	204.90	6833.40	19.75	0.47	359.23	-0.00	0.00	0.00	1.00	-0.02	-0.01	0.00
	274.07	206.24	6870.45	19.79	0.46	360.20	-0.00	0.00	0.00	1.00	-0.02	-0.01	0.00
	275.41	207.57	6907.24	19.86	0.46	361.16	-0.00	0.00	0.00	1.00	-0.02	-0.01	0.00
	276.75	208.91	6944.13	19.91	0.45	362.13	0.00	0.00	0.00	1.00	-0.02	-0.01	0.00
	278.09	210.26	6981.12	19.95	0.43	363.09	0.00	0.00	0.00	1.00	-0.02	-0.01	0.00
	279.40	211.58	7017.47	20.01	0.44	364.03	0.00	-0.00	0.00	1.00	-0.02	-0.01	0.00
	280.76	212.95	7055.02	20.08	0.43	365.00	0.00	-0.00	0.00	1.00	-0.02	-0.01	0.00
	282.13	214.32	7092.67	20.15	0.41	365.97	0.00	-0.00	0.00	1.00	-0.02	-0.01	0.00
	283.48	215.68	7130.05	20.21	0.38	366.93	-0.00	0.00	0.00	1.00	-0.02	-0.01	0.00
	284.84	217.06	7167.89	20.26	0.38	367.90	-0.00	-0.00	0.00	1.00	-0.02	-0.01	0.00
	286.21	218.45	7205.84	20.31	0.35	368.87	-0.00	-0.00	0.00	1.00	-0.02	-0.01	0.00
	287.61	219.87	7244.62	20.40	0.35	369.86	0.00	-0.00	0.00	1.00	-0.02	-0.01	0.00
	288.97	221.26	7282.40	20.47	0.31	370.82	-0.00	-0.00	0.00	1.00	-0.02	-0.01	0.00
	290.35	222.66	7320.65	20.53	0.30	371.79	-0.00	0.00	0.00	1.00	-0.02	-0.01	0.00
	291.73	224.07	7358.99	20.59	0.27	372.76	-0.00	-0.00	0.00	1.00	-0.02	-0.01	0.00
	293.11	225.49	7397.44	20.64	0.26	373.73	-0.00	0.00	0.00	1.00	-0.02	-0.01	0.00
	294.50	226.91	7435.99	20.73	0.28	374.70	0.00	0.00	0.00	1.00	-0.02	-0.01	0.00
	295.86	228.31	7473.88	20.81	0.26	375.65	0.00	-0.00	0.00	1.00	-0.02	-0.01	0.00
	297.23	229.73	7512.25	20.88	0.26	376.61	-0.00	0.00	0.00	1.00	-0.02	-0.01	0.00
	298.63	231.17	7551.09	20.93	0.23	377.58	-0.00	0.00	0.00	1.00	-0.02	-0.01	0.00
	300.01	232.59	7589.65	20.98	0.23	378.54	0.00	0.00	0.00	1.00	-0.02	-0.01	0.00
	301.38	234.02	7627.94	21.04	0.23	379.49	-0.00	-0.00	0.00	1.00	-0.02	-0.01	0.00
	302.78	235.47	7667.08	21.09	0.20	380.46	-0.00	0.00	0.00	1.00	-0.02	-0.01	0.00
	304.17	236.92	7705.94	21.13	0.20	381.43	-0.00	0.00	0.00	1.00	-0.02	-0.01	0.00
	305.58	238.38	7745.28	21.18	0.19	382.40	-0.00	0.00	0.00	1.00	-0.02	-0.01	0.00
	306.96	239.83	7783.95	21.24	0.20	383.35	0.00	0.00	0.00	1.00	-0.02	-0.01	0.00
	308.35	241.29	7823.10	21.29	0.19	384.31	-0.00	0.00	0.00	1.00	-0.02	-0.01	0.00
	309.75	242.76	7862.35	21.35	0.17	385.27	-0.00	-0.00	0.00	1.00	-0.02	-0.01	0.00
	311.17	244.25	7902.09	21.39	0.14	386.24	-0.00	0.00	0.00	1.00	-0.02	-0.01	0.00
	312.59	245.74	7941.93	21.47	0.14	387.22	0.00	-0.00	0.00	1.00	-0.02	-0.01	0.00
	313.99	247.23	7981.47	21.53	0.12	388.18	0.00	0.00	0.00	1.00	-0.02	-0.01	0.00
	315.38	248.69	8020.34	21.58	0.11	389.12	0.00	0.00	0.00	1.00	-0.02	-0.01	0.00
	316.79	250.18	8060.08	21.62	0.11	390.08	0.00	0.00	0.00	1.00	-0.02	-0.01	0.00
	318.17	251.66	8099.14	21.67	0.11	391.02	-0.00	0.00	0.00	1.00	-0.02	-0.01	0.00
	319.60	253.18	8139.47	21.71	0.09	392.00	0.00	0.00	0.00	1.00	-0.02	-0.01	0.00
	321.00	254.66	8178.72	21.78	0.07	392.94	-0.00	-0.00	0.00	1.00	-0.02	-0.01	0.00
	322.43	256.19	8219.24	21.85	0.05	393.91	-0.00	-0.00	0.00	1.00	-0.02	-0.01	0.00
	323.90	257.76	8260.66	21.90	0.01	394.90	-0.00	0.00	0.00	1.00	-0.02	-0.01	0.00
	325.31	259.27	8300.59	21.94	0.00	395.85	-0.00	0.00	0.00	1.00	-0.02	-0.01	0.00
	326.75	260.82	8341.42	21.99	-0.03	396.82	-0.00	0.00	0.00	1.00	-0.02	-0.01	0.00
	328.20	262.38	8382.34	22.06	-0.06	397.79	-0.00	-0.00	0.00	1.00	-0.02	-0.01	0.00
	329.66	263.95	8423.76	22.10	-0.09	398.77	-0.00	0.00	0.00	1.00	-0.02	-0.01	0.00
	331.14	265.55	8465.69	22.17	-0.12	399.76	-0.00	0.00	0.00	1.00	-0.02	-0.01	0.00
	332.58	267.10	8506.51	22.22	-0.14	400.72	-0.00	0.00	0.00	1.00	-0.02	-0.01	0.00
	334.05	268.70	8548.24	22.27	-0.18	401.70	-0.00	-0.00	0.00	1.00	-0.02	-0.01	0.00
	335.52	270.30	8590.07	22.31	-0.20	402.68	0.00	0.00	0.00	1.00	-0.02	-0.01	0.00
	336.98	271.89	8631.60	22.36	-0.20	403.64	-0.00	0.00	0.00	1.00	-0.02	-0.01	0.00
	338.43	273.47	8672.82	22.41	-0.20	404.60	0.00	-0.00	0.00	1.00	-0.02	-0.01	0.00
	339.89	275.07	8714.55	22.49	-0.21	405.57	-0.00	0.00	0.00	1.00	-0.02	-0.01	0.00
	341.39	276.71	8757.18	22.57	-0.25	406.56	-0.00	-0.00	0.00	1.00	-0.02	-0.01	0.00
	342.87	278.34	8799.52	22.64	-0.28	407.54	-0.00	-0.00	0.00	1.00	-0.02	-0.01	0.00
	344.37	279.99	8842.36	22.71	-0.31	408.53	-0.00	0.00	0.00	1.00	-0.02	-0.01	0.00
	345.85	281.61	8884.50	22.76	-0.32	409.50	0.00	0.00	0.00	1.00	-0.02	-0.01	0.00
	347.31	283.23	8926.31	22.81	-0.33	410.46	-0.00	0.00	0.00	1.00	-0.02	-0.01	0.00
	348.79	284.86	8968.64	22.85	-0.35	411.44	-0.00	0.00	0.00	1.00	-0.02	-0.01	0.00
	350.26	286.49	9010.66	22.90	-0.36	412.40	0.00	0.00	0.00	1.00	-0.02	-0.01	0.00
	351.76	288.16	9053.60	22.95	-0.38	413.38	-0.00	0.00	0.00	1.00	-0.02	-0.01	0.00
	353.25	289.81	9096.23	23.02	-0.42	414.35	-0.00	0.00	0.00	1.00	-0.02	-0.01	0.00
	354.74	291.47	9138.96	23.08	-0.42	415.32	-0.00	0.00	0.00	1.00	-0.02	-0.01	0.00
	356.23	293.14	9181.79	23.12	-0.45	416.29	-0.00	0.00	0.00	1.00	-0.02	-0.01	0.00
	357.73	294.81	9224.72	23.18	-0.48	417.25	-0.00	0.00	0.00	1.00	-0.02	-0.01	0.00
	359.24	296.50	9268.17	23.23	-0.52	418.23	-0.00	0.00	0.00	1.00	-0.02	-0.01	0.00
	360.74	298.19	9311.29	23.29	-0.54	419.20	0.00	0.00	0.00	1.00	-0.02	-0.01	0.00
	362.24	299.88	9354.52	23.34	-0.58	420.18	-0.00	0.00	0.00	1.00	-0.02	-0.01	0.00
	363.75	301.57	9397.85	23.42	-0.62	421.15	-0.00	0.00	0.00	1.00	-0.02	-0.01	0.00
	365.27	303.29	9441.70	23.50	-0.64	422.12	-0.00	-0.00	0.00	1.00	-0.02	-0.01	0.00
	366.81	305.03	9486.08	23.58	-0.65	423.11	0.00	0.00	0.00	1.00	-0.02	-0.01	0.00
	368.30	306.71	9528.86	23.62	-0.67	424.06	-0.00	0.00	0.00	1.00	-0.02	-0.01	0.00
	369.83	308.45	9573.02	23.72	-0.69	425.04	-0.00	-0.00	0.00	1.00	-0.02	-0.01	0.00
	371.36	310.19	9617.27	23.77	-0.71	426.02	0.00	0.00	0.00	1.00	-0.02	-0.01	0.00
	372.88	311.92	9661.20	23.83	-0.72	426.99	-0.00	0.00	0.00	1.00	-0.02	-0.01	0.00
	374.41	313.66	9705.24	23.88	-0.75	427.96	-0.00	0.00	0.00	1.00	-0.02	-0.01	0.00
	375.95	315.42	9749.80	23.97	-0.78	428.94	-0.00	-0.00	-0.00	1.00	-0.02	-0.01	0.00
	377.51	317.20	9794.89	24.03	-0.80	429.93	-0.00	0.00	0.00	1.00	-0.02	-0.01	0.00
	379.02	318.94	9838.79	24.08	-0.80	430.89	-0.00	0.00	0.00	1.00	-0.02	-0.01	0.00
	380.57	320.72	9883.66	24.12	-0.84	431.87	-0.00	0.00	0.00	1.00	-0.02	-0.01	0.00
	382.11	322.49	9928.19	24.16	-0.87	432.84	-0.00	0.00	0.00	1.00	-0.02	-0.01	0.00
	383.66	324.29	9973.26	24.23	-0.89	433.82	0.00	-0.00	0.00	1.00	-0.02	-0.01	0.00
	385.20	326.07	10017.99	24.29	-0.92	434.79	0.00	-0.00	0.00	1.00	-0.02	-0.01	0.00
	386.75	327.85	10062.83	24.33	-0.90	435.76	0.00	0.00	0.00	1.00	-0.02	-0.01	0.00
	388.28	329.63	10107.33	24.38	-0.89	436.71	-0.00	-0.00	0.00	1.00	-0.02	-0.01	0.00
	389.87	331.48	10153.67	24.44	-0.95	437.72	-0.00	0.00	0.00	1.00	-0.02	-0.01	0.00
	391.44	333.32	10199.69	24.49	-0.99	438.72	-0.00	0.00	0.00	1.00	-0.02	-0.01	0.00
	393.01	335.15	10245.37	24.54	-1.02	439.70	-0.00	0.00	0.00	1.00	-0.02	-0.01	0.00
	394.60	337.01	10291.59	24.60	-1.06	440.68	-0.00	-0.00	0.00	1.00	-0.02	-0.01	0.00
	396.18	338.87	10337.91	24.67	-1.08	441.67	0.00	0.00	0.00	1.00	-0.02	-0.01	0.00
	397.74	340.70	10383.46	24.71	-1.11	442.64	-0.00	0.00	0.00	1.00	-0.02	-0.01	0.00
	399.32	342.55	10429.54	24.76	-1.14	443.62	-0.00	0.00	0.00	1.00	-0.02	-0.01	0.00
	400.89	344.42	10475.73	24.81	-1.15	444.59	-0.00	0.00	0.00	1.00	-0.02	-0.01	0.00
	402.46	346.26	10521.58	24.85	-1.18	445.56	-0.00	0.00	0.00	1.00	-0.02	-0.01	0.00
	404.04	348.14	10567.97	24.90	-1.22	446.54	-0.00	0.00	0.00	1.00	-0.02	-0.01	0.00
	405.64	350.04	10614.91	24.95	-1.26	447.53	-0.00	0.00	0.00	1.00	-0.02	-0.01	0.00
	407.23	351.92	10661.50	24.99	-1.30	448.52	-0.00	0.00	0.00	1.00	-0.02	-0.01	0.00
	408.84	353.83	10708.65	25.04	-1.33	449.51	-0.00	0.00	0.00	1.00	-0.02	-0.01	0.00
	410.42	355.71	10755.00	25.11	-1.33	450.48	0.00	-0.00	0.00	1.00	-0.02	-0.01	0.00
	412.03	357.64	10802.35	25.15	-1.37	451.47	-0.00	0.00	0.00	1.00	-0.02	-0.01	0.00
	413.63	359.55	10849.36	25.20	-1.41	452.45	-0.00	0.00	0.00	1.00	-0.02	-0.01	0.00
	415.23	361.47	10896.46	25.24	-1.44	453.43	0.00	0.00	0.00	1.00	-0.02	-0.01	0.00
	416.83	363.39	10943.67	25.31	-1.47	454.41	-0.00	0.00	0.00	1.00	-0.02	-0.01	0.00
	418.44	365.32	10990.98	25.39	-1.49	455.40	-0.00	-0.00	0.00	1.00	-0.02	-0.01	0.00
	420.06	367.28	11038.85	25.43	-1.51	456.39	-0.00	0.00	0.00	1.00	-0.02	-0.01	0.00
	421.67	369.22	11086.37	25.48	-1.55	457.37	-0.00	-0.00	0.00	1.00	-0.02	-0.01	0.00
	423.31	371.21	11134.90	25.53	-1.59	458.36	-0.00	0.00	0.00	1.00	-0.02	-0.01	0.00
	424.92	373.17	11182.62	25.57	-1.63	459.35	-0.00	0.00	0.00	1.00	-0.02	-0.01	0.00
	426.56	375.15	11230.91	25.64	-1.66	460.34	-0.00	0.00	0.00	1.00	-0.02	-0.01	0.00
	428.18	377.12	11278.83	25.70	-1.68	461.32	-0.00	0.00	0.00	1.00	-0.02	-0.01	0.00
	429.81	379.12	11327.32	25.75	-1.69	462.31	-0.00	0.00	0.00	1.00	-0.02	-0.01	0.00
	431.42	381.09	11374.99	25.80	-1.72	463.28	-0.00	0.00	0.00	1.00	-0.02	-0.01	0.00
	433.05	383.08	11423.22	25.85	-1.75	464.26	-0.00	0.00	0.00	1.00	-0.02	-0.01	0.00
	434.68	385.08	11471.55	25.89	-1.78	465.24	-0.00	0.00	0.00	1.00	-0.02	-0.01	0.00
	436.31	387.08	11519.99	25.94	-1.78	466.23	-0.00	0.00	0.00	1.00	-0.02	-0.01	0.00
	437.93	389.08	11568.06	25.98	-1.78	467.20	-0.00	0.00	0.00	1.00	-0.02	-0.01	0.00
	439.57	391.10	11616.70	26.03	-1.80	468.18	-0.00	0.00	0.00	1.00	-0.02	-0.01	0.00
	441.23	393.14	11665.91	26.10	-1.83	469.17	-0.00	0.00	0.00	1.00	-0.02	-0.01	0.00
	442.87	395.18	11714.75	26.15	-1.82	470.15	-0.00	0.00	0.00	1.00	-0.02	-0.01	0.00
	444.50	397.20	11763.23	26.20	-1.84	471.12	0.00	0.00	0.00	1.00	-0.02	-0.01	0.00
	446.15	399.25	11812.27	26.27	-1.84	472.10	-0.00	0.00	0.00	1.00	-0.02	-0.01	0.00
	447.80	401.30	11861.42	26.32	-1.88	473.08	-0.00	0.00	0.00	1.00	-0.02	-0.01	0.00
	449.47	403.38	11911.15	26.38	-1.91	474.07	0.00	-0.00	0.00	1.00	-0.02	-0.01	0.00
	451.10	405.43	11960.02	26.43	-1.94	475.05	0.00	0.00	0.00	1.00	-0.02	-0.01	0.00
	452.76	407.50	12009.48	26.47	-1.97	476.03	-0.00	0.00	0.00	1.00	-0.02	-0.01	0.00
	454.42	409.58	12059.03	26.52	-1.98	477.01	0.00	0.00	0.00	1.00	-0.02	-0.01	0.00
	456.05	411.62	12107.74	26.56	-2.03	477.97	-0.00	0.00	0.00	1.00	-0.02	-0.01	0.00
	457.73	413.73	12157.97	26.62	-2.07	478.95	-0.00	-0.00	0.00	1.00	-0.02	-0.01	0.00
	459.41	415.85	12208.31	26.69	-2.11	479.94	-0.00	0.00	0.00	1.00	-0.02	-0.01	0.00
	461.10	417.97	12258.76	26.73	-2.15	480.93	-0.00	0.00	0.00	1.00	-0.02	-0.01	0.00
	462.77	420.08	12308.82	26.78	-2.19	481.91	-0.00	-0.00	0.00	1.00	-0.02	-0.01	0.00
	464.48	422.24	12359.96	26.83	-2.20	482.91	-0.00	0.00	0.00	1.00	-0.02	-0.01	0.00
	466.13	424.35	12409.75	26.87	-2.19	483.88	0.00	0.00	0.00	1.00	-0.02	-0.01	0.00
	467.81	426.48	12460.12	26.92	-2.22	484.86	-0.00	0.00	0.00	1.00	-0.02	-0.01	0.00
